   -56.431,    44.696,   -16.60,      0,   1
   -54.875,    46.994,    -5.83,      0,   1
   -55.933,    43.951,   -29.76,      0,   1
   -57.225,    47.314,   -14.48,      0,   1
   -68.504,    41.448,   -37.53,      0,   1
   -69.717,    41.595,    -3.89,      0,   1
   -69.007,    41.580,   -23.11,      0,   1
   -60.533,    42.194,   -88.75,      0,   1
   -60.321,    42.072,   -40.30,      0,   1
   -61.206,    41.540,   -38.42,      0,   1
   -68.818,    42.824,    -6.25,      0,   1
   -60.306,    47.606,  -141.04,      0,   1
   -67.533,    39.796,    -3.37,      0,   1
   -59.253,    42.003,   -42.61,      0,   1
   -64.984,    40.526,    -7.96,      0,   1
   -55.570,    41.892,   -21.83,      0,   1
   -69.367,    41.091,    -6.36,      0,   1
   -63.366,    40.478,  -153.67,      0,   1
   -67.436,    39.890,   -24.65,      0,   1
   -63.251,    40.613,   -78.07,      0,   1
   -63.728,    41.600,   -16.10,      0,   1
   -61.889,    43.608,   -67.92,      0,   1
   -64.893,    43.116,   -34.86,      0,   1
   -56.264,    42.230,   -25.65,      0,   1
   -63.321,    40.544,   -94.49,      0,   1
   -61.383,    43.552,   -47.79,      0,   1
   -68.244,    41.995,  -100.53,      0,   1
   -68.550,    41.890,    -2.80,      0,   1
   -66.587,    40.746,    -4.12,      0,   1
   -69.836,    42.154,   -48.75,      0,   1
   -65.821,    41.808,  -163.05,      0,   1
   -68.407,    42.977,    -5.03,      0,   1
   -64.004,    37.566,     0.51,     -3,   1
   -65.494,    40.867,   -71.45,      0,   1
   -56.602,    39.987,    -0.85,     -3,   1
   -57.153,    40.752,   -17.28,      0,   1
   -54.258,    40.798,   -33.59,      0,   1
   -62.210,    41.460,   -44.25,      0,   1
   -63.019,    42.829,   -16.63,      0,   1
   -57.402,    45.048,  -113.71,      0,   1
   -66.425,    40.484,    -2.06,      0,   1
   -59.104,    44.953,   -92.47,      0,   1
   -59.618,    45.836,   -39.77,      0,   1
   -60.368,    46.666,    -0.33,      0,   1
   -63.468,    40.328,  -192.56,      0,   1
   -59.654,    44.958,   -33.97,      0,   1
   -57.960,    45.639,   -35.58,      0,   1
   -58.392,    45.020,   -28.32,      0,   1
   -67.226,    40.378,   -36.28,      0,   1
   -59.659,    44.643,   -66.58,      0,   1
   -57.625,    45.576,   -31.04,      0,   1
   -56.569,    47.365,   -23.59,      0,   1
   -63.038,    42.909,   -13.59,      0,   1
   -62.894,    39.848,   -29.88,      0,   1
   -59.362,    45.741,   -35.71,      0,   1
   -62.244,    42.800,   -15.95,      0,   1
   -52.406,    42.681,   -18.43,      0,   1
   -59.816,    47.409,  -222.30,      0,   1
   -57.851,    47.340,   -41.66,      0,   1
   -55.523,    44.506,    -9.82,      0,   1
   -62.529,    42.626,   -19.10,      0,   1
   -59.879,    44.313,    -4.01,      0,   1
   -58.685,    43.707,    -7.94,      0,   1
   -59.776,    45.916,   -26.67,      0,   1
   -59.784,    47.016,  -260.77,      0,   1
   -59.901,    47.865,   -32.01,      0,   1
   -59.765,    46.062,    -5.62,      0,   1
   -59.332,    48.557,   -64.61,      0,   1
   -59.918,    48.313,  -136.99,      0,   1
   -59.466,    48.451,  -112.67,      0,   1
   -59.627,    46.797,   -28.86,      0,   1
   -59.817,    49.200,  -148.52,      0,   1
   -60.419,    47.230,   -46.60,      0,   1
   -60.501,    47.620,  -182.48,      0,   1
   -65.117,    41.422,   -11.41,      0,   1
   -66.944,    40.365,    -4.11,      0,   1
   -63.418,    40.827,    -4.99,      0,   1
   -64.068,    41.641,   -25.52,      0,   1
   -65.559,    45.089,   -29.21,      0,   1
   -66.791,    42.867,    -9.10,      0,   1
   -60.164,    49.837,   -22.07,      0,   1
   -60.133,    48.420,   -42.14,      0,   1
   -60.162,    48.333,   -78.96,      0,   1
   -58.926,    48.309,   -15.13,      0,   1
   -56.418,    47.080,    -3.53,      0,   1
   -59.598,    49.123,  -193.12,      0,   1
   -61.938,    47.268,    -5.59,      0,   1
   -59.447,    47.124,   -11.72,      0,   1
   -59.403,    48.705,  -100.08,      0,   1
   -60.389,    47.749,   -62.48,      0,   1
   -59.495,    49.028,   -44.37,      0,   1
   -59.602,    46.759,   -36.25,      0,   1
   -58.264,    50.630,   -22.76,      0,   1
   -57.484,    46.873,   -39.69,      0,   1
   -59.427,    48.709,  -103.15,      0,   1
   -59.848,    45.610,    -7.90,      0,   1
   -60.122,    47.209,  -142.84,      0,   1
   -59.786,    49.208,   -55.29,      0,   1
   -56.432,    47.493,   -61.90,      0,   1
   -59.660,    49.652,   -78.31,      0,   1
   -57.913,    47.417,  -120.89,      0,   1
   -57.859,    46.601,   -10.08,      0,   1
   -57.838,    47.388,  -132.67,      0,   1
   -59.895,    48.456,   -11.33,      0,   1
   -52.080,    46.604,   -52.95,      0,   1
   -57.074,    45.779,   -30.83,      0,   1
   -53.784,    44.976,    -3.78,      0,   1
   -56.751,    46.994,  -131.71,      0,   1
   -51.941,    46.528,   -63.27,      0,   1
   -54.496,    47.140,   -89.80,      0,   1
   -54.599,    47.039,   -14.42,      0,   1
   -54.706,    46.291,    -7.37,      0,   1
   -51.184,    46.922,   -67.42,      0,   1
   -51.948,    44.654,   -57.61,      0,   1
   -54.298,    46.511,   -66.12,      0,   1
   -47.826,    46.634,   -15.26,      0,   1
   -59.033,    47.098,   -42.11,      0,   1
   -59.662,    49.326,  -117.60,      0,   1
   -60.008,    49.155,  -102.00,      0,   1
   -60.812,    47.451,    -4.07,      0,   1
   -57.629,    50.803,   -62.72,      0,   1
   -59.295,    45.897,   -20.47,      0,   1
   -59.556,    48.980,   -10.73,      0,   1
   -58.038,    50.426,   -94.93,      0,   1
   -58.108,    50.446,   -88.57,      0,   1
   -57.947,    50.535,   -38.01,      0,   1
   -59.737,    49.591,  -102.26,      0,   1
   -59.971,    48.509,   -12.56,      0,   1
   -55.719,    47.429,   -26.84,      0,   1
   -58.294,    47.374,  -113.70,      0,   1
   -54.025,    45.763,   -59.33,      0,   1
   -58.652,    47.432,  -112.16,      0,   1
   -53.530,    43.904,   -48.37,      0,   1
   -55.207,    46.933,   -31.03,      0,   1
   -52.306,    44.069,    -5.18,      0,   1
   -54.687,    47.239,    -0.76,      0,   1
   -54.096,    46.202,   -44.92,      0,   1
   -55.241,    46.930,   -29.97,      0,   1
   -55.986,    46.021,    -7.89,      0,   1
   -58.774,    44.866,   -17.26,      0,   1
   -59.871,    46.902,  -135.88,      0,   1
   -57.944,    47.177,  -169.58,      0,   1
   -60.417,    47.156,   -78.24,      0,   1
   -59.441,    46.494,   -16.23,      0,   1
   -60.216,    44.802,   -24.76,      0,   1
   -58.746,    44.971,  -106.71,      0,   1
   -56.585,    43.661,   -63.48,      0,   1
   -57.833,    47.328,  -144.89,      0,   1
   -57.956,    47.582,   -42.88,      0,   1
   -57.192,    47.504,   -70.73,      0,   1
   -58.003,    47.462,  -113.73,      0,   1
   -53.139,    44.549,  -165.92,      0,   1
   -57.761,    46.872,  -223.21,      0,   1
   -58.868,    47.145,   -57.16,      0,   1
   -54.709,    44.453,   -26.14,      0,   1
   -54.304,    44.578,    -7.05,      0,   1
   -60.085,    47.244,  -110.60,      0,   1
   -50.392,    47.134,   -69.65,      0,   1
   -57.667,    46.710,    -4.45,      0,   1
   -54.374,    45.680,    -1.14,      0,   1
   -59.867,    48.738,  -217.88,      0,   1
   -56.832,    45.943,  -125.80,      0,   1
   -59.891,    47.068,    -7.08,      0,   1
   -58.197,    43.585,   -16.21,      0,   1
   -59.706,    49.420,  -140.93,      0,   1
   -62.922,    42.856,  -266.03,      0,   1
   -59.413,    48.357,   -19.59,      0,   1
   -52.053,    46.085,    -9.55,      0,   1
   -60.399,    47.662,   -81.57,      0,   1
   -56.478,    45.751,   -78.28,      0,   1
   -59.841,    49.344,   -94.21,      0,   1
   -54.434,    45.992,   -22.16,      0,   1
   -59.478,    48.565,  -111.48,      0,   1
   -60.397,    43.617,  -139.86,      0,   1
   -59.360,    45.864,   -36.06,      0,   1
   -58.244,    44.232,  -329.55,      0,   1
   -59.788,    49.345,  -129.72,      0,   1
   -54.584,    45.478,   -66.78,      0,   1
   -59.558,    49.875,   -50.26,      0,   1
   -58.425,    44.489,   -89.95,      0,   1
   -59.942,    48.863,   -18.13,      0,   1
   -58.338,    44.135,  -482.33,      0,   1
   -59.732,    49.322,  -110.09,      0,   1
   -50.768,    46.758,   -60.67,      0,   1
   -59.780,    49.121,  -194.20,      0,   1
   -51.915,    44.308,   -13.24,      0,   1
   -59.805,    49.322,   -82.83,      0,   1
   -53.698,    45.484,   -21.94,      0,   1
   -50.809,    44.036,   -48.29,      0,   1
   -59.922,    47.371,   -65.75,      0,   1
   -56.338,    47.587,   -57.47,      0,   1
   -55.130,    45.184,   -23.61,      0,   1
   -59.889,    49.308,   -89.65,      0,   1
   -54.041,    47.198,   -25.24,      0,   1
   -51.221,    43.593,   -64.64,      0,   1
   -54.439,    47.145,   -88.79,      0,   1
   -58.036,    50.493,   -60.95,      0,   1
   -54.077,    47.122,    -9.55,      0,   1
   -54.381,    47.070,   -95.86,      0,   1
   -61.629,    42.827,  -798.13,      0,   1
   -57.976,    44.286,  -355.35,      0,   1
   -54.601,    45.464,   -22.82,      0,   1
   -51.147,    46.948,   -84.96,      0,   1
   -48.884,    46.352,   -40.58,      0,   1
   -55.411,    44.726,    -8.89,      0,   1
   -47.761,    46.560,   -16.07,      0,   1
   -59.480,    48.876,  -134.47,      0,   1
   -59.822,    49.268,   -80.44,      0,   1
   -57.727,    50.388,   -59.20,      0,   1
   -59.369,    48.445,   -86.72,      0,   1
   -59.972,    48.319,  -283.57,      0,   1
   -59.090,    47.014,   -55.11,      0,   1
   -58.716,    47.379,  -126.60,      0,   1
   -50.839,    45.223,   -32.61,      0,   1
   -55.276,    46.254,   -20.13,      0,   1
   -52.512,    44.134,   -10.73,      0,   1
   -54.700,    47.160,    -0.73,      0,   1
   -48.917,    46.370,   -18.24,      0,   1
   -67.131,    39.626,   -29.69,      0,   1
   -56.844,    41.530,   -20.64,      0,   1
   -69.051,    41.486,   -56.17,      0,   1
   -66.537,    40.657,    -1.19,      0,   1
   -69.359,    41.673,   -80.01,      0,   1
   -56.508,    41.961,   -16.39,      0,   1
   -63.013,    40.419,    -9.37,      0,   1
   -66.380,    43.840,   -57.85,      0,   1
   -68.513,    41.750,   -23.96,      0,   1
   -62.773,    40.018,   -12.81,      0,   1
   -62.689,    41.406,   -38.32,      0,   1
   -67.208,    41.111,   -30.64,      0,   1
   -69.013,    41.545,   -10.44,      0,   1
   -68.949,    41.543,   -86.27,      0,   1
   -62.230,    41.209,   -34.29,      0,   1
   -63.858,    40.571,    -4.33,      0,   1
   -62.975,    41.673,   -63.50,      0,   1
   -63.475,    39.888,  -147.40,      0,   1
   -65.416,    40.879,   -31.54,      0,   1
   -64.006,    41.734,   -23.90,      0,   1
   -68.326,    41.934,  -127.49,      0,   1
   -64.051,    40.959,    -4.89,      0,   1
   -60.721,    42.376,   -25.68,      0,   1
   -58.568,    41.413,    -0.33,      0,   1
   -63.804,    41.249,    -9.82,      0,   1
   -63.521,    40.082,  -121.52,      0,   1
   -67.085,    43.136,   -12.47,      0,   1
   -64.539,    42.103,    -4.85,      0,   1
   -68.245,    41.979,   -95.37,      0,   1
   -66.315,    42.954,   -40.08,      0,   1
   -69.362,    41.481,   -15.94,      0,   1
   -64.641,    41.135,    -3.26,      0,   1
   -67.254,    40.283,   -20.95,      0,   1
   -63.046,    40.350,   -11.38,      0,   1
   -70.585,    40.972,   -33.76,     -3,   1
   -63.973,    37.577,    -0.75,     -3,   1
   -62.559,    41.411,   -44.59,      0,   1
   -62.875,    37.941,    -1.41,     -3,   1
   -65.266,    41.232,   -52.70,      0,   1
   -63.656,    37.682,    -1.24,     -3,   1
   -68.366,    41.526,   -46.65,      0,   1
   -69.278,    41.384,   -46.55,      0,   1
   -67.592,    41.392,    -9.79,      0,   1
   -66.979,    43.926,    -8.65,      0,   1
   -62.928,    39.657,   -40.81,      0,   1
   -69.022,    41.466,   -52.14,      0,   1
   -57.330,    45.119,   -90.65,      0,   1
   -63.591,    40.092,  -181.71,      0,   1
   -62.905,    40.789,   -10.87,      0,   1
   -69.564,    41.541,    -0.86,      0,   1
   -58.280,    45.016,   -29.27,      0,   1
   -69.803,    41.909,   -67.36,      0,   1
   -67.654,    39.540,    -5.38,      0,   1
   -67.724,    40.781,    -0.84,      0,   1
   -69.737,    41.902,   -62.19,      0,   1
   -68.285,    40.103,   -58.42,      0,   1
   -69.463,    41.092,   -23.24,      0,   1
   -69.115,    41.957,  -120.06,      0,   1
   -65.288,    41.044,   -49.24,      0,   1
   -65.455,    41.027,   -43.13,      0,   1
   -57.384,    44.994,  -114.29,      0,   1
   -54.827,    41.035,   -43.87,      0,   1
   -65.322,    40.641,   -89.87,      0,   1
   -67.002,    40.612,   -37.26,      0,   1
   -67.605,    42.876,   -36.51,      0,   1
   -67.622,    42.266,  -167.88,      0,   1
   -55.614,    41.832,   -26.13,      0,   1
   -63.100,    40.865,  -212.89,      0,   1
   -63.053,    40.392,   -20.95,      0,   1
   -62.181,    41.914,   -12.12,      0,   1
   -62.415,    44.476,    -1.16,      0,   1
   -62.994,    39.617,    -7.56,      0,   1
   -62.454,    41.007,   -17.22,      0,   1
   -62.645,    41.076,   -26.71,      0,   1
   -63.088,    40.857,    -8.11,      0,   1
   -61.068,    39.542,   -48.68,      0,   1
   -58.576,    50.692,    -6.92,      0,   1
   -66.975,    39.802,    -8.02,      0,   1
   -59.578,    48.751,   -23.81,      0,   1
   -63.312,    41.161,    -1.28,      0,   1
   -60.688,    47.819,   -92.37,      0,   1
   -67.247,    43.163,   -62.77,      0,   1
   -49.911,    45.585,   -33.32,      0,   1
   -65.124,    40.920,   -76.07,      0,   1
   -60.402,    47.673,   -53.71,      0,   1
   -67.691,    41.416,   -19.88,      0,   1
   -58.487,    45.731,   -79.00,      0,   1
   -68.043,    41.331,   -37.67,      0,   1
   -62.801,    40.419,    -7.69,      0,   1
   -61.343,    42.250,    -5.56,      0,   1
   -65.729,    40.656,   -16.88,      0,   1
   -64.543,    40.796,    -6.67,      0,   1
   -67.492,    42.457,    -5.49,      0,   1
   -67.241,    40.393,   -31.30,      0,   1
   -64.612,    40.485,   -46.53,      0,   1
   -62.775,    44.006,   -34.43,      0,   1
   -66.573,    44.603,    -7.32,      0,   1
   -59.576,    49.086,   -15.23,      0,   1
   -62.439,    41.311,   -16.36,      0,   1
   -64.447,    40.527,   -41.28,      0,   1
   -67.523,    43.265,    -6.04,      0,   1
   -56.171,    41.836,   -34.05,      0,   1
   -66.634,    44.265,   -15.19,      0,   1
   -66.458,    44.923,   -42.14,      0,   1
   -59.911,    48.279,   -18.23,      0,   1
   -60.546,    47.826,  -212.95,      0,   1
   -60.006,    46.682,   -13.67,      0,   1
   -57.733,    46.464,    -0.93,      0,   1
   -59.634,    45.663,   -35.82,      0,   1
   -59.612,    49.294,   -80.37,      0,   1
   -62.199,    48.246,    -7.70,      0,   1
   -59.827,    49.171,  -118.74,      0,   1
   -59.960,    47.483,  -195.43,      0,   1
   -60.174,    48.949,    -7.58,      0,   1
   -61.490,    48.972,   -71.98,      0,   1
   -59.863,    49.362,  -187.03,      0,   1
   -59.858,    49.218,   -75.75,      0,   1
   -58.875,    48.481,    -2.33,      0,   1
   -60.057,    47.246,   -87.09,      0,   1
   -59.724,    48.934,   -87.59,      0,   1
   -59.566,    48.913,   -49.70,      0,   1
   -57.740,    46.963,    -7.84,      0,   1
   -59.502,    49.743,   -52.68,      0,   1
   -59.776,    49.190,   -80.73,      0,   1
   -57.530,    46.886,    -8.31,      0,   1
   -58.959,    48.490,    -0.07,      0,   1
   -59.153,    48.568,   -23.84,      0,   1
   -59.395,    48.420,   -97.44,      0,   1
   -58.817,    49.257,   -18.06,      0,   1
   -56.354,    47.190,  -110.84,      0,   1
   -59.902,    48.828,  -179.41,      0,   1
   -58.025,    47.415,  -128.09,      0,   1
   -60.038,    48.543,   -16.44,      0,   1
   -58.657,    47.314,  -131.35,      0,   1
   -60.144,    48.296,    -6.61,      0,   1
   -55.027,    45.331,   -23.06,      0,   1
   -57.142,    46.188,  -168.82,      0,   1
   -57.320,    45.091,  -187.44,      0,   1
   -57.438,    44.579,  -214.47,      0,   1
   -57.851,    45.393,  -173.92,      0,   1
   -57.280,    44.617,  -309.46,      0,   1
   -51.515,    47.014,   -93.63,      0,   1
   -55.355,    45.998,   -82.80,      0,   1
   -51.435,    45.572,   -49.34,      0,   1
   -55.513,    46.716,   -79.46,      0,   1
   -50.559,    46.774,   -51.35,      0,   1
   -56.419,    44.926,    -4.32,      0,   1
   -57.735,    47.323,  -139.48,      0,   1
   -59.350,    49.442,   -95.66,      0,   1
   -59.811,    49.258,  -102.75,      0,   1
   -57.426,    50.815,   -39.93,      0,   1
   -59.390,    46.124,   -37.59,      0,   1
   -59.902,    48.756,   -72.89,      0,   1
   -59.555,    49.630,   -50.51,      0,   1
   -59.672,    48.818,   -22.40,      0,   1
   -59.380,    50.050,   -15.30,      0,   1
   -55.039,    46.174,  -133.07,      0,   1
   -56.521,    47.378,   -13.41,      0,   1
   -57.127,    47.540,   -48.28,      0,   1
   -54.071,    47.196,   -29.05,      0,   1
   -54.461,    47.226,   -69.78,      0,   1
   -55.086,    47.053,   -45.98,      0,   1
   -55.003,    47.138,    -7.02,      0,   1
   -52.701,    42.162,   -14.98,      0,   1
   -54.924,    46.948,    -6.55,      0,   1
   -49.288,    46.348,   -46.70,      0,   1
   -58.099,    45.330,   -34.39,      0,   1
   -57.231,    45.226,   -54.45,      0,   1
   -57.315,    45.041,   -93.84,      0,   1
   -63.282,    40.580,  -144.87,      0,   1
   -60.044,    45.544,   -30.82,      0,   1
   -51.574,    45.471,   -56.57,      0,   1
   -55.170,    46.044,  -113.64,      0,   1
   -56.254,    47.565,   -56.40,      0,   1
   -57.371,    46.139,  -245.24,      0,   1
   -50.576,    45.298,   -33.34,      0,   1
   -59.558,    48.711,    -5.87,      0,   1
   -50.358,    44.203,   -22.41,      0,   1
   -59.844,    48.804,   -37.64,      0,   1
   -49.659,    45.045,   -60.07,      0,   1
   -59.763,    45.812,   -38.03,      0,   1
   -54.614,    47.023,  -113.15,      0,   1
   -59.489,    47.011,   -30.79,      0,   1
   -53.452,    45.929,   -24.15,      0,   1
   -60.257,    46.992,   -42.02,      0,   1
   -55.603,    45.412,   -86.76,      0,   1
   -59.631,    49.434,   -89.14,      0,   1
   -50.656,    46.270,   -59.15,      0,   1
   -59.646,    49.303,  -117.15,      0,   1
   -58.104,    45.504,   -10.65,      0,   1
   -59.971,    49.016,    -7.74,      0,   1
   -57.162,    45.774,  -194.73,      0,   1
   -59.347,    46.176,   -23.45,      0,   1
   -57.464,    45.153,   -44.82,      0,   1
   -59.658,    49.308,   -53.99,      0,   1
   -51.735,    43.621,   -16.78,      0,   1
   -60.344,    47.614,   -67.83,      0,   1
   -57.537,    45.714,  -325.49,      0,   1
   -60.458,    47.940,   -23.08,      0,   1
   -50.713,    46.884,   -38.32,      0,   1
   -59.539,    49.390,   -25.23,      0,   1
   -54.314,    46.972,   -77.77,      0,   1
   -59.560,    48.569,  -133.51,      0,   1
   -54.521,    45.044,   -39.26,      0,   1
   -59.991,    48.793,  -137.79,      0,   1
   -49.489,    45.297,   -67.75,      0,   1
   -59.609,    49.262,   -75.58,      0,   1
   -58.016,    47.446,   -76.89,      0,   1
   -54.030,    46.172,   -43.28,      0,   1
   -59.701,    49.298,  -100.83,      0,   1
   -55.268,    45.546,    -0.68,      0,   1
   -55.259,    46.212,  -146.81,      0,   1
   -59.897,    49.335,   -60.57,      0,   1
   -58.009,    47.586,   -50.97,      0,   1
   -51.358,    46.066,   -13.51,      0,   1
   -50.807,    43.725,   -10.04,      0,   1
   -59.676,    49.272,  -100.03,      0,   1
   -54.646,    47.168,   -31.92,      0,   1
   -55.773,    44.747,    -4.00,      0,   1
   -55.640,    46.547,   -62.10,      0,   1
   -55.478,    46.344,   -66.12,      0,   1
   -50.889,    46.807,   -79.01,      0,   1
   -57.343,    45.508,  -352.02,      0,   1
   -50.805,    46.275,   -58.75,      0,   1
   -61.523,    43.060,   -43.75,      0,   1
   -55.389,    46.694,   -88.28,      0,   1
   -59.687,    48.169,  -207.57,      0,   1
   -60.058,    49.544,   -28.47,      0,   1
   -59.791,    47.325,  -116.38,      0,   1
   -59.866,    49.350,   -55.29,      0,   1
   -57.802,    50.441,   -75.12,      0,   1
   -58.715,    47.374,  -132.60,      0,   1
   -55.529,    47.418,   -35.98,      0,   1
   -50.289,    45.670,   -11.21,      0,   1
   -56.873,    45.859,  -194.16,      0,   1
   -50.479,    44.445,   -33.05,      0,   1
   -55.342,    46.617,  -114.95,      0,   1
   -54.992,    46.841,    -2.44,      0,   1
   -57.547,    47.488,   -50.47,      0,   1
   -53.900,    42.339,    -3.87,      0,   1
   -62.740,    40.252,    -6.62,      0,   1
   -62.296,    41.287,   -38.47,      0,   1
   -60.620,    39.343,    -5.70,      0,   1
   -67.831,    42.330,  -179.71,      0,   1
   -69.357,    41.097,    -9.26,      0,   1
   -60.091,    42.267,    -3.73,      0,   1
   -69.397,    41.806,   -36.57,      0,   1
   -60.177,    47.250,   -86.62,      0,   1
   -69.841,    41.561,   -14.35,      0,   1
   -55.522,    41.138,    -1.15,      0,   1
   -68.660,    41.678,   -14.68,      0,   1
   -68.913,    41.827,  -119.53,      0,   1
   -68.291,    39.422,   -13.37,      0,   1
   -67.420,    39.936,   -24.42,      0,   1
   -62.649,    41.045,   -23.70,      0,   1
   -62.740,    43.808,   -12.72,      0,   1
   -64.592,    42.794,   -39.61,      0,   1
   -65.282,    43.039,   -42.02,      0,   1
   -65.005,    40.510,   -46.78,      0,   1
   -63.142,    41.898,    -1.60,      0,   1
   -64.022,    41.450,   -42.18,      0,   1
   -68.099,    42.163,  -140.96,      0,   1
   -69.408,    41.330,    -1.61,      0,   1
   -69.481,    41.692,   -90.37,      0,   1
   -68.771,    41.636,   -22.68,      0,   1
   -67.295,    40.189,   -31.56,      0,   1
   -66.844,    44.056,  -101.18,      0,   1
   -63.361,    40.343,  -100.38,      0,   1
   -62.850,    41.329,   -32.14,      0,   1
   -56.494,    40.731,   -19.61,      0,   1
   -65.345,    41.649,   -71.88,      0,   1
   -63.000,    40.495,   -30.52,      0,   1
   -58.905,    40.987,   -14.32,      0,   1
   -57.480,    40.827,   -34.44,      0,   1
   -59.105,    44.615,   -38.13,      0,   1
   -58.174,    45.357,   -40.70,      0,   1
   -67.316,    42.883,    -1.96,      0,   1
   -59.244,    45.292,   -37.83,      0,   1
   -58.881,    45.251,   -15.77,      0,   1
   -69.726,    41.834,   -14.96,      0,   1
   -58.927,    45.504,   -52.26,      0,   1
   -58.366,    46.646,   -27.26,      0,   1
   -58.958,    44.858,   -12.24,      0,   1
   -63.465,    40.301,  -121.87,      0,   1
   -59.260,    45.364,    -7.87,      0,   1
   -61.085,    47.526,   -18.78,      0,   1
   -61.939,    44.780,   -37.73,      0,   1
   -62.262,    42.708,   -17.96,      0,   1
   -60.695,    41.814,   -39.70,      0,   1
   -60.840,    45.258,   -14.14,      0,   1
   -59.846,    47.470,  -244.34,      0,   1
   -59.633,    46.832,  -205.35,      0,   1
   -59.906,    46.731,   -51.58,      0,   1
   -59.712,    45.839,   -12.90,      0,   1
   -60.085,    46.283,   -24.23,      0,   1
   -61.182,    45.024,   -70.23,      0,   1
   -57.319,    45.279,   -56.27,      0,   1
   -58.782,    45.072,   -15.39,      0,   1
   -59.899,    49.241,  -155.11,      0,   1
   -60.838,    47.427,   -29.95,      0,   1
   -61.245,    47.920,   -28.19,      0,   1
   -59.875,    44.972,   -49.85,      0,   1
   -59.667,    48.841,   -85.89,      0,   1
   -59.338,    48.263,    -0.18,      0,   1
   -60.263,    46.417,   -27.36,      0,   1
   -59.692,    46.704,    -3.27,      0,   1
   -59.930,    49.129,  -112.47,      0,   1
   -60.590,    47.319,   -61.51,      0,   1
   -60.543,    47.239,   -49.11,      0,   1
   -59.555,    49.182,  -171.73,      0,   1
   -68.997,    41.680,   -32.92,      0,   1
   -67.238,    43.355,   -93.99,      0,   1
   -67.487,    41.514,   -12.07,      0,   1
   -62.740,    39.760,   -14.89,      0,   1
   -65.439,    45.134,   -12.78,      0,   1
   -66.247,    44.902,   -56.63,      0,   1
   -59.848,    48.351,   -70.86,      0,   1
   -59.889,    48.740,   -65.54,      0,   1
   -59.377,    48.376,   -97.38,      0,   1
   -59.500,    48.477,   -70.35,      0,   1
   -60.438,    47.182,   -26.00,      0,   1
   -59.538,    49.286,   -62.24,      0,   1
   -60.056,    47.160,   -94.83,      0,   1
   -58.810,    48.337,   -12.19,      0,   1
   -60.607,    47.401,   -88.19,      0,   1
   -59.757,    48.991,   -86.03,      0,   1
   -59.460,    49.718,  -173.37,      0,   1
   -59.575,    48.500,  -142.16,      0,   1
   -61.076,    48.951,   -58.39,      0,   1
   -59.613,    49.145,  -186.08,      0,   1
   -59.567,    48.548,  -137.18,      0,   1
   -59.848,    48.908,  -169.60,      0,   1
   -59.158,    50.262,   -60.20,      0,   1
   -59.693,    49.355,  -121.67,      0,   1
   -60.023,    49.109,   -68.02,      0,   1
   -59.689,    49.308,  -118.41,      0,   1
   -57.839,    47.308,  -133.43,      0,   1
   -59.455,    46.110,    -9.48,      0,   1
   -58.472,    47.319,  -170.84,      0,   1
   -59.628,    49.324,  -191.62,      0,   1
   -56.209,    46.898,   -50.07,      0,   1
   -57.594,    44.646,  -112.79,      0,   1
   -57.309,    44.477,    -7.27,      0,   1
   -49.902,    46.023,   -26.11,      0,   1
   -49.279,    46.143,   -19.07,      0,   1
   -57.702,    45.129,  -148.21,      0,   1
   -52.102,    46.650,   -47.42,      0,   1
   -55.172,    46.976,   -20.58,      0,   1
   -49.485,    44.696,   -63.45,      0,   1
   -62.783,    42.771,  -558.71,      0,   1
   -53.626,    46.085,   -28.04,      0,   1
   -53.869,    46.020,   -43.64,      0,   1
   -52.470,    45.895,   -56.05,      0,   1
   -57.773,    47.378,  -128.92,      0,   1
   -58.065,    46.632,   -11.12,      0,   1
   -59.623,    49.447,  -164.23,      0,   1
   -57.225,    46.644,   -17.57,      0,   1
   -59.908,    48.907,  -164.97,      0,   1
   -57.739,    46.728,    -5.21,      0,   1
   -59.373,    49.316,   -51.69,      0,   1
   -59.675,    49.140,   -54.48,      0,   1
   -59.775,    49.370,  -129.29,      0,   1
   -51.479,    42.633,   -18.10,      0,   1
   -57.735,    46.188,   -11.93,      0,   1
   -58.347,    47.397,  -119.98,      0,   1
   -57.959,    47.321,  -146.72,      0,   1
   -55.481,    46.257,  -132.63,      0,   1
   -55.323,    44.731,    -0.68,      0,   1
   -56.053,    46.871,   -61.34,      0,   1
   -53.916,    46.026,   -46.95,      0,   1
   -55.250,    46.911,   -27.63,      0,   1
   -54.813,    46.994,   -12.17,      0,   1
   -57.558,    45.832,   -67.26,      0,   1
   -58.185,    45.054,   -17.97,      0,   1
   -57.332,    45.352,   -45.71,      0,   1
   -59.438,    45.144,   -10.99,      0,   1
   -57.784,    44.808,    -3.65,      0,   1
   -59.366,    47.973,   -58.78,      0,   1
   -57.732,    47.640,    -4.01,      0,   1
   -57.227,    46.471,   -33.62,      0,   1
   -57.246,    45.203,   -56.47,      0,   1
   -59.320,    45.829,   -14.27,      0,   1
   -57.716,    47.590,   -29.77,      0,   1
   -58.827,    44.137,   -31.20,      0,   1
   -57.674,    47.325,  -116.14,      0,   1
   -57.982,    47.373,  -139.50,      0,   1
   -55.781,    46.469,  -110.75,      0,   1
   -60.114,    43.592,  -254.88,      0,   1
   -56.443,    47.055,    -9.11,      0,   1
   -56.055,    46.523,   -55.10,      0,   1
   -55.630,    46.792,   -58.33,      0,   1
   -54.560,    47.006,  -124.84,      0,   1
   -60.109,    47.038,  -109.82,      0,   1
   -61.304,    44.295,   -90.25,      0,   1
   -59.894,    46.381,   -36.82,      0,   1
   -52.079,    44.408,   -61.27,      0,   1
   -60.098,    48.323,   -94.33,      0,   1
   -56.467,    47.147,   -35.26,      0,   1
   -59.992,    46.689,   -11.84,      0,   1
   -48.762,    45.951,   -20.51,      0,   1
   -59.603,    48.597,  -131.89,      0,   1
   -57.062,    46.014,  -215.29,      0,   1
   -59.982,    46.475,    -4.04,      0,   1
   -55.450,    46.159,  -116.68,      0,   1
   -59.784,    49.198,  -121.03,      0,   1
   -55.427,    46.533,  -125.12,      0,   1
   -59.367,    48.711,   -96.15,      0,   1
   -54.065,    45.717,   -14.96,      0,   1
   -59.747,    49.343,   -28.34,      0,   1
   -57.028,    46.317,   -26.01,      0,   1
   -59.764,    49.468,  -126.20,      0,   1
   -58.706,    43.779,   -16.86,      0,   1
   -59.685,    49.367,  -108.74,      0,   1
   -53.609,    45.950,  -104.62,      0,   1
   -59.811,    49.354,   -32.42,      0,   1
   -48.524,    45.975,    -6.43,      0,   1
   -59.713,    49.134,  -154.99,      0,   1
   -50.359,    47.224,   -42.76,      0,   1
   -60.863,    47.359,    -6.43,      0,   1
   -50.490,    46.732,   -67.42,      0,   1
   -60.015,    49.348,   -80.19,      0,   1
   -57.829,    47.134,  -153.57,      0,   1
   -50.563,    46.785,   -50.24,      0,   1
   -60.325,    48.142,   -10.46,      0,   1
   -57.795,    47.522,   -60.37,      0,   1
   -54.727,    47.203,   -58.13,      0,   1
   -59.686,    49.331,  -125.96,      0,   1
   -56.279,    47.644,   -20.62,      0,   1
   -55.959,    46.640,   -98.57,      0,   1
   -57.542,    47.053,   -14.80,      0,   1
   -56.287,    47.129,   -87.60,      0,   1
   -55.174,    46.908,   -11.36,      0,   1
   -55.325,    46.248,  -146.61,      0,   1
   -59.947,    48.423,    -9.32,      0,   1
   -50.811,    46.921,   -59.62,      0,   1
   -49.395,    46.716,   -14.85,      0,   1
   -55.163,    46.918,   -58.33,      0,   1
   -56.701,    45.787,  -142.03,      0,   1
   -49.813,    45.214,   -22.61,      0,   1
   -62.028,    42.793,  -533.65,      0,   1
   -56.425,    45.553,  -118.69,      0,   1
   -55.268,    46.864,   -52.50,      0,   1
   -59.172,    48.547,   -47.00,      0,   1
   -59.863,    49.147,  -133.99,      0,   1
   -59.885,    49.325,   -87.51,      0,   1
   -59.709,    49.126,   -68.15,      0,   1
   -59.511,    49.113,   -11.70,      0,   1
   -56.897,    47.578,   -10.39,      0,   1
   -55.645,    47.295,   -26.22,      0,   1
   -57.685,    47.269,  -155.57,      0,   1
   -54.423,    41.852,   -10.85,      0,   1
   -56.471,    46.786,   -60.87,      0,   1
   -52.371,    43.835,    -5.04,      0,   1
   -52.927,    44.514,    -2.29,      0,   1
   -55.379,    45.386,    -3.11,      0,   1
   -64.612,    40.770,   -45.41,      0,   1
   -68.729,    41.375,   -47.82,      0,   1
   -60.268,    42.243,   -53.55,      0,   1
   -65.541,    40.913,   -66.67,      0,   1
   -65.671,    40.943,    -8.01,      0,   1
   -65.359,    41.067,   -52.53,      0,   1
   -67.087,    43.460,   -96.57,      0,   1
   -67.401,    42.482,  -207.87,      0,   1
   -67.495,    39.868,    -7.17,      0,   1
   -68.098,    41.616,   -25.04,      0,   1
   -69.463,    40.656,   -10.19,      0,   1
   -62.563,    41.716,    -9.74,      0,   1
   -63.041,    40.263,    -6.39,      0,   1
   -66.957,    43.535,  -102.48,      0,   1
   -69.631,    42.187,  -137.26,      0,   1
   -55.532,    41.729,    -3.98,      0,   1
   -62.312,    41.303,   -11.35,      0,   1
   -65.396,    43.187,   -12.98,      0,   1
   -56.267,    41.651,   -35.23,      0,   1
   -62.164,    39.560,   -19.72,      0,   1
   -68.794,    41.351,   -48.51,      0,   1
   -60.180,    39.970,   -48.59,      0,   1
   -67.204,    42.159,   -62.60,      0,   1
   -63.176,    40.054,    -9.81,      0,   1
   -63.921,    40.758,   -11.45,      0,   1
   -63.055,    39.638,   -13.96,      0,   1
   -64.391,    41.740,    -3.27,      0,   1
   -63.136,    40.779,   -72.09,      0,   1
   -69.714,    41.886,   -75.70,      0,   1
   -70.005,    41.989,   -14.91,      0,   1
   -59.803,    42.122,   -33.67,      0,   1
   -63.294,    40.201,   -30.44,      0,   1
   -64.880,    41.146,    -1.64,      0,   1
   -64.046,    40.656,   -87.82,      0,   1
   -62.736,    40.035,   -10.04,      0,   1
   -68.219,    40.474,   -58.92,      0,   1
   -63.981,    37.574,    -1.44,     -3,   1
   -63.932,    37.590,    -1.65,     -3,   1
   -60.606,    39.784,   -17.03,      0,   1
   -62.262,    39.885,    -3.56,      0,   1
   -59.360,    41.615,    -8.34,      0,   1
   -69.651,    41.937,   -93.89,      0,   1
   -67.389,    40.228,    -6.93,      0,   1
   -63.043,    39.649,  -123.87,      0,   1
   -56.522,    41.732,   -19.03,      0,   1
   -69.965,    41.077,   -10.40,      0,   1
   -69.772,    42.192,    -2.61,      0,   1
   -66.919,    40.700,   -24.59,      0,   1
   -66.169,    40.902,    -3.31,      0,   1
   -69.174,    41.200,   -46.17,      0,   1
   -68.775,    42.815,    -7.95,      0,   1
   -60.732,    41.680,   -35.29,      0,   1
   -66.629,    40.590,    -1.43,      0,   1
   -68.255,    39.865,   -16.45,      0,   1
   -64.575,    42.527,   -14.50,      0,   1
   -61.231,    39.599,    -3.34,      0,   1
   -64.710,    40.874,    -6.28,      0,   1
   -69.507,    41.730,   -69.09,      0,   1
   -58.487,    44.921,   -95.35,      0,   1
   -64.702,    40.913,   -32.78,      0,   1
   -57.447,    40.866,   -56.68,      0,   1
   -69.119,    41.137,   -25.46,      0,   1
   -59.605,    41.932,    -3.99,      0,   1
   -62.989,    39.991,   -33.78,      0,   1
   -56.183,    41.521,   -40.47,      0,   1
   -62.699,    41.221,   -28.18,      0,   1
   -69.830,    42.305,   -57.11,      0,   1
   -62.479,    39.628,   -12.86,      0,   1
   -61.929,    42.654,   -39.24,      0,   1
   -62.371,    41.284,   -23.80,      0,   1
   -66.769,    41.136,   -23.91,      0,   1
   -62.638,    41.082,   -24.66,      0,   1
   -62.433,    41.302,   -13.29,      0,   1
   -63.268,    40.343,   -19.55,      0,   1
   -59.829,    48.962,  -110.12,      0,   1
   -62.820,    39.535,    -6.59,      0,   1
   -57.236,    51.116,    -5.90,      0,   1
   -62.482,    41.092,   -45.04,      0,   1
   -59.405,    46.626,   -26.28,      0,   1
   -68.416,    41.560,   -46.55,      0,   1
   -59.147,    49.995,  -173.47,      0,   1
   -65.487,    41.011,   -18.18,      0,   1
   -58.230,    44.575,   -10.78,      0,   1
   -66.959,    41.340,   -36.45,      0,   1
   -59.402,    49.173,    -8.27,      0,   1
   -67.140,    39.938,    -4.24,      0,   1
   -59.439,    48.867,  -123.28,      0,   1
   -67.182,    42.470,   -77.27,      0,   1
   -66.548,    45.008,   -18.16,      0,   1
   -59.688,    49.018,  -160.63,      0,   1
   -67.360,    41.095,   -24.44,      0,   1
   -66.856,    43.308,   -96.50,      0,   1
   -69.605,    41.477,   -25.79,      0,   1
   -60.953,    41.103,   -10.07,      0,   1
   -67.284,    43.640,  -108.22,      0,   1
   -66.073,    44.978,   -39.09,      0,   1
   -59.775,    48.877,   -86.55,      0,   1
   -69.397,    41.644,  -100.16,      0,   1
   -69.509,    42.355,  -134.51,      0,   1
   -69.130,    41.267,   -48.03,      0,   1
   -66.595,    42.934,   -96.26,      0,   1
   -66.353,    44.823,   -14.56,      0,   1
   -67.295,    43.557,  -154.59,      0,   1
   -60.508,    47.375,   -78.25,      0,   1
   -61.420,    48.772,   -64.04,      0,   1
   -59.807,    48.873,   -97.85,      0,   1
   -60.097,    46.716,   -17.80,      0,   1
   -60.218,    45.549,   -40.45,      0,   1
   -59.603,    48.819,   -25.05,      0,   1
   -59.252,    49.411,  -163.77,      0,   1
   -61.451,    48.039,   -20.64,      0,   1
   -59.477,    48.712,  -124.38,      0,   1
   -59.945,    48.629,   -36.31,      0,   1
   -59.398,    48.307,  -105.25,      0,   1
   -59.644,    49.305,   -89.14,      0,   1
   -61.521,    48.798,   -25.93,      0,   1
   -59.172,    45.523,   -39.07,      0,   1
   -59.741,    46.966,   -24.56,      0,   1
   -59.916,    48.683,  -237.33,      0,   1
   -59.768,    49.035,   -21.06,      0,   1
   -58.480,    45.631,   -34.65,      0,   1
   -55.818,    46.268,    -0.42,      0,   1
   -60.054,    48.431,   -77.20,      0,   1
   -60.226,    45.383,    -8.17,      0,   1
   -59.705,    49.280,  -110.32,      0,   1
   -59.765,    49.412,  -151.47,      0,   1
   -57.985,    50.970,   -29.11,      0,   1
   -60.407,    47.978,    -7.95,      0,   1
   -59.400,    48.787,  -120.80,      0,   1
   -58.774,    50.664,   -23.02,      0,   1
   -56.140,    46.526,   -30.51,      0,   1
   -56.014,    47.598,   -24.03,      0,   1
   -57.162,    45.661,   -22.91,      0,   1
   -50.266,    43.754,   -32.43,      0,   1
   -50.968,    46.268,   -19.36,      0,   1
   -57.637,    45.300,  -265.59,      0,   1
   -52.809,    44.996,   -59.69,      0,   1
   -55.992,    47.305,   -79.51,      0,   1
   -51.030,    46.933,   -79.95,      0,   1
   -54.325,    47.079,   -80.25,      0,   1
   -54.986,    47.181,   -40.34,      0,   1
   -54.321,    47.183,   -15.62,      0,   1
   -50.430,    45.398,   -52.02,      0,   1
   -58.062,    44.008,    -9.19,      0,   1
   -58.649,    47.356,  -148.73,      0,   1
   -59.086,    49.175,   -28.59,      0,   1
   -57.817,    46.884,   -13.75,      0,   1
   -59.062,    49.995,  -121.55,      0,   1
   -60.455,    46.487,   -13.37,      0,   1
   -58.003,    46.587,    -4.45,      0,   1
   -59.824,    49.197,  -116.65,      0,   1
   -58.275,    50.796,   -28.15,      0,   1
   -59.744,    49.332,   -34.33,      0,   1
   -57.793,    47.330,  -154.18,      0,   1
   -58.494,    47.319,  -148.29,      0,   1
   -57.929,    47.154,  -156.88,      0,   1
   -56.155,    46.690,   -62.21,      0,   1
   -54.960,    47.212,   -38.31,      0,   1
   -56.256,    44.650,   -12.94,      0,   1
   -55.643,    46.204,    -2.59,      0,   1
   -55.167,    46.650,   -38.64,      0,   1
   -62.195,    44.734,   -24.82,      0,   1
   -59.752,    45.848,   -35.55,      0,   1
   -58.313,    45.052,   -15.71,      0,   1
   -63.994,    37.570,    -0.96,     -3,   1
   -57.117,    45.755,   -76.44,      0,   1
   -52.395,    42.666,   -14.11,      0,   1
   -58.145,    46.672,   -14.08,      0,   1
   -60.892,    45.280,   -57.90,      0,   1
   -56.554,    43.336,   -34.97,      0,   1
   -59.224,    44.906,   -44.71,      0,   1
   -59.671,    45.836,   -19.43,      0,   1
   -60.146,    46.361,   -26.61,      0,   1
   -59.604,    45.669,   -29.41,      0,   1
   -56.191,    47.219,  -104.13,      0,   1
   -54.508,    46.964,  -126.41,      0,   1
   -62.667,    43.088,  -122.67,      0,   1
   -62.040,    42.795,  -491.99,      0,   1
   -62.571,    42.568,  -139.38,      0,   1
   -58.830,    44.207,  -148.62,      0,   1
   -50.016,    44.081,   -11.97,      0,   1
   -57.395,    46.406,    -5.05,      0,   1
   -50.334,    46.444,   -30.06,      0,   1
   -59.690,    47.426,  -169.04,      0,   1
   -55.991,    46.357,   -98.47,      0,   1
   -59.808,    47.472,  -139.30,      0,   1
   -53.954,    44.544,   -28.03,      0,   1
   -58.467,    49.961,    -0.93,      0,   1
   -50.331,    44.996,   -35.88,      0,   1
   -58.232,    50.801,   -37.03,      0,   1
   -55.870,    45.820,   -55.14,      0,   1
   -59.916,    45.816,   -47.58,      0,   1
   -54.530,    44.942,   -54.07,      0,   1
   -58.814,    49.485,    -6.20,      0,   1
   -56.788,    46.148,   -66.74,      0,   1
   -59.817,    47.508,  -164.88,      0,   1
   -61.452,    42.899,  -977.93,      0,   1
   -59.458,    49.168,  -171.79,      0,   1
   -57.625,    45.736,  -287.08,      0,   1
   -59.772,    49.309,   -17.45,      0,   1
   -56.544,    44.411,   -13.17,      0,   1
   -59.638,    49.330,  -104.14,      0,   1
   -52.291,    44.616,   -56.29,      0,   1
   -59.769,    49.308,   -71.97,      0,   1
   -51.341,    47.009,   -75.22,      0,   1
   -59.700,    49.381,  -155.71,      0,   1
   -49.985,    46.985,   -40.53,      0,   1
   -59.957,    48.636,  -245.35,      0,   1
   -50.915,    44.037,   -18.92,      0,   1
   -59.879,    48.362,   -46.46,      0,   1
   -57.387,    47.410,   -91.84,      0,   1
   -54.582,    46.912,   -11.71,      0,   1
   -60.006,    49.419,   -92.80,      0,   1
   -55.198,    45.983,  -119.10,      0,   1
   -54.197,    46.606,   -14.75,      0,   1
   -59.797,    49.653,   -79.47,      0,   1
   -57.764,    47.406,   -93.00,      0,   1
   -55.401,    45.239,    -3.67,      0,   1
   -58.681,    49.777,    -1.03,      0,   1
   -56.623,    47.543,   -15.84,      0,   1
   -57.984,    44.394,  -177.33,      0,   1
   -55.544,    46.374,  -136.61,      0,   1
   -59.855,    49.278,   -80.04,      0,   1
   -57.149,    47.595,   -20.33,      0,   1
   -50.748,    46.877,   -66.80,      0,   1
   -50.048,    44.724,    -5.00,      0,   1
   -49.396,    46.743,   -32.56,      0,   1
   -53.817,    46.191,   -63.05,      0,   1
   -51.373,    44.883,   -18.63,      0,   1
   -51.251,    47.053,   -68.65,      0,   1
   -50.502,    45.917,   -44.30,      0,   1
   -55.487,    46.378,  -119.45,      0,   1
   -59.522,    49.219,   -94.19,      0,   1
   -59.893,    49.065,  -148.03,      0,   1
   -57.925,    50.475,   -68.26,      0,   1
   -58.093,    50.394,  -114.19,      0,   1
   -57.992,    50.911,   -13.60,      0,   1
   -56.499,    47.543,   -62.00,      0,   1
   -57.822,    47.243,  -152.75,      0,   1
   -53.163,    45.134,   -42.64,      0,   1
   -54.061,    45.943,   -24.30,      0,   1
   -54.721,    47.331,   -20.11,      0,   1
   -55.186,    46.945,   -48.70,      0,   1
   -54.217,    47.008,   -55.15,      0,   1
   -54.916,    46.964,    -8.07,      0,   1
   -59.998,    47.451,  -161.27,      0,   1
   -69.021,    41.245,   -56.03,      0,   1
   -67.396,    40.189,    -3.84,      0,   1
   -68.848,    42.653,    -1.33,      0,   1
   -56.249,    41.486,   -31.86,      0,   1
   -59.341,    41.964,   -19.32,      0,   1
   -60.830,    41.935,   -40.56,      0,   1
   -66.824,    43.738,   -47.43,      0,   1
   -59.468,    45.840,   -18.97,      0,   1
   -68.244,    41.750,   -33.27,      0,   1
   -62.862,    39.913,   -28.00,      0,   1
   -62.996,    40.591,   -16.35,      0,   1
   -56.851,    41.498,   -20.08,      0,   1
   -62.963,    40.582,   -13.00,      0,   1
   -64.406,    40.577,   -24.42,      0,   1
   -62.438,    41.176,   -18.19,      0,   1
   -60.980,    41.795,    -4.59,      0,   1
   -61.280,    42.498,    -2.03,      0,   1
   -55.143,    41.640,    -9.17,      0,   1
   -69.480,    42.616,   -13.80,      0,   1
   -69.016,    41.414,   -13.97,      0,   1
   -62.500,    39.396,   -76.05,      0,   1
   -66.928,    42.387,   -67.58,      0,   1
   -67.261,    43.494,  -172.82,      0,   1
   -68.236,    43.517,  -112.40,      0,   1
   -67.243,    43.621,   -52.46,      0,   1
   -69.609,    41.612,    -5.12,      0,   1
   -67.104,    39.667,   -28.44,      0,   1
   -65.963,    41.647,  -209.55,      0,   1
   -63.935,    37.589,    -2.59,     -3,   1
   -62.792,    37.968,    -4.73,     -3,   1
   -63.186,    37.838,    -1.88,     -3,   1
   -63.878,    42.764,   -28.48,      0,   1
   -65.528,    40.867,   -61.58,      0,   1
   -59.672,    45.030,   -57.51,      0,   1
   -57.991,    47.221,   -39.48,      0,   1
   -67.169,    41.083,   -48.00,      0,   1
   -59.316,    45.527,   -39.72,      0,   1
   -59.761,    43.408,    -8.50,      0,   1
   -66.481,    43.944,   -71.84,      0,   1
   -59.805,    47.044,  -179.68,      0,   1
   -59.762,    47.263,  -207.72,      0,   1
   -56.506,    42.749,    -4.34,      0,   1
   -60.203,    40.893,   -48.19,      0,   1
   -60.718,    47.318,   -63.26,      0,   1
   -58.997,    45.672,    -9.59,      0,   1
   -56.240,    43.097,    -6.83,      0,   1
   -65.330,    40.933,   -34.05,      0,   1
   -60.904,    45.061,    -3.71,      0,   1
   -60.338,    47.483,  -151.09,      0,   1
   -63.198,    42.929,   -16.33,      0,   1
   -59.904,    47.341,  -345.30,      0,   1
   -62.273,    43.151,   -97.16,      0,   1
   -59.723,    46.815,  -184.32,      0,   1
   -57.897,    44.616,   -13.18,      0,   1
   -60.036,    47.513,   -67.10,      0,   1
   -59.985,    47.317,   -26.28,      0,   1
   -61.803,    46.234,    -4.82,      0,   1
   -59.180,    45.963,   -44.79,      0,   1
   -62.049,    46.525,   -39.61,      0,   1
   -59.142,    46.008,   -52.73,      0,   1
   -58.607,    49.463,    -1.17,      0,   1
   -59.914,    48.018,   -70.86,      0,   1
   -59.946,    46.774,   -61.05,      0,   1
   -60.006,    47.161,  -106.51,      0,   1
   -58.113,    46.472,   -15.04,      0,   1
   -60.010,    48.478,   -47.80,      0,   1
   -61.952,    48.002,   -16.15,      0,   1
   -60.120,    47.442,  -180.53,      0,   1
   -59.839,    48.869,  -233.38,      0,   1
   -59.666,    47.607,    -9.19,      0,   1
   -58.990,    48.408,   -17.35,      0,   1
   -69.575,    41.338,    -9.09,      0,   1
   -66.839,    39.671,    -1.61,      0,   1
   -62.031,    39.524,   -22.80,      0,   1
   -68.034,    44.048,   -15.73,      0,   1
   -62.190,    43.876,   -90.16,      0,   1
   -67.379,    43.399,  -157.43,      0,   1
   -61.597,    46.976,    -8.70,      0,   1
   -60.429,    48.121,   -51.08,      0,   1
   -59.733,    48.850,  -142.24,      0,   1
   -59.718,    48.935,  -102.03,      0,   1
   -59.422,    48.400,  -100.47,      0,   1
   -62.127,    48.868,  -110.22,      0,   1
   -59.820,    48.913,  -102.26,      0,   1
   -59.444,    49.132,  -175.30,      0,   1
   -59.559,    48.824,   -25.15,      0,   1
   -59.276,    48.355,   -73.16,      0,   1
   -59.577,    48.930,   -35.47,      0,   1
   -58.676,    49.480,    -2.21,      0,   1
   -57.264,    46.823,   -27.93,      0,   1
   -60.000,    48.905,  -121.57,      0,   1
   -58.032,    46.643,   -12.38,      0,   1
   -60.053,    48.416,  -271.34,      0,   1
   -59.752,    48.412,   -68.35,      0,   1
   -58.060,    50.463,   -96.99,      0,   1
   -59.418,    48.548,   -95.66,      0,   1
   -59.570,    49.276,   -79.24,      0,   1
   -59.471,    49.209,   -64.73,      0,   1
   -56.615,    47.508,   -75.10,      0,   1
   -57.916,    47.416,   -92.45,      0,   1
   -53.570,    46.473,   -65.23,      0,   1
   -54.789,    47.068,   -91.35,      0,   1
   -54.970,    47.204,   -31.90,      0,   1
   -56.837,    47.289,  -146.99,      0,   1
   -63.197,    42.890,  -220.67,      0,   1
   -59.373,    43.913,    -8.03,      0,   1
   -56.231,    46.597,   -32.53,      0,   1
   -54.274,    47.010,   -69.16,      0,   1
   -61.911,    42.765,  -572.64,      0,   1
   -54.612,    46.907,    -4.56,      0,   1
   -55.034,    47.153,   -13.82,      0,   1
   -54.526,    46.402,   -12.35,      0,   1
   -55.594,    45.695,   -50.52,      0,   1
   -59.714,    49.405,  -134.85,      0,   1
   -60.316,    48.245,   -39.92,      0,   1
   -59.575,    49.162,   -60.06,      0,   1
   -59.741,    49.442,  -145.52,      0,   1
   -60.599,    47.087,   -30.39,      0,   1
   -59.543,    49.899,   -44.53,      0,   1
   -59.743,    49.277,  -106.17,      0,   1
   -59.913,    49.435,  -113.54,      0,   1
   -58.592,    47.359,  -158.55,      0,   1
   -57.337,    47.363,  -126.97,      0,   1
   -54.738,    47.214,   -57.43,      0,   1
   -49.149,    45.880,   -12.77,      0,   1
   -54.404,    46.976,    -2.92,      0,   1
   -52.848,    45.876,   -15.43,      0,   1
   -55.488,    46.731,   -75.72,      0,   1
   -57.856,    46.019,   -58.95,      0,   1
   -58.080,    47.493,   -98.98,      0,   1
   -51.448,    41.623,   -80.23,     -3,   1
   -57.917,    46.911,  -232.67,      0,   1
   -56.358,    47.368,   -80.55,      0,   1
   -57.398,    45.536,  -258.78,      0,   1
   -48.392,    46.302,   -30.82,      0,   1
   -54.247,    46.182,  -103.17,      0,   1
   -54.190,    47.102,   -50.73,      0,   1
   -59.966,    49.271,  -190.64,      0,   1
   -53.063,    44.707,   -19.08,      0,   1
   -59.424,    48.600,   -98.97,      0,   1
   -49.527,    44.836,   -63.75,      0,   1
   -58.878,    46.287,    -6.78,      0,   1
   -54.160,    45.250,   -87.07,      0,   1
   -59.656,    48.336,   -34.58,      0,   1
   -52.100,    44.422,   -64.37,      0,   1
   -60.305,    47.489,   -18.93,      0,   1
   -49.257,    44.646,    -6.33,      0,   1
   -59.651,    49.398,  -153.80,      0,   1
   -63.030,    42.879,  -390.84,      0,   1
   -59.390,    48.492,   -64.20,      0,   1
   -51.802,    46.030,   -55.89,      0,   1
   -59.967,    49.311,   -77.31,      0,   1
   -55.306,    46.016,  -123.85,      0,   1
   -59.886,    49.435,  -126.12,      0,   1
   -57.241,    45.547,  -218.69,      0,   1
   -59.960,    49.039,   -71.08,      0,   1
   -57.300,    47.328,  -101.78,      0,   1
   -59.584,    48.860,  -189.15,      0,   1
   -51.811,    44.533,   -15.20,      0,   1
   -59.505,    48.709,  -129.98,      0,   1
   -51.758,    45.606,   -40.98,      0,   1
   -59.890,    47.413,  -229.89,      0,   1
   -52.595,    45.062,   -14.84,      0,   1
   -59.610,    48.691,   -19.32,      0,   1
   -50.992,    46.789,   -49.23,      0,   1
   -59.661,    48.912,   -89.12,      0,   1
   -58.061,    47.551,   -75.30,      0,   1
   -52.231,    46.575,   -45.37,      0,   1
   -60.040,    49.335,   -83.88,      0,   1
   -56.026,    47.602,   -11.61,      0,   1
   -55.000,    47.145,   -14.50,      0,   1
   -59.965,    48.700,  -239.87,      0,   1
   -56.600,    47.560,   -44.73,      0,   1
   -51.206,    46.975,   -21.48,      0,   1
   -59.849,    49.365,  -109.43,      0,   1
   -56.282,    47.081,   -33.43,      0,   1
   -56.098,    46.436,  -115.13,      0,   1
   -59.628,    49.224,   -87.12,      0,   1
   -57.088,    44.983,   -16.28,      0,   1
   -59.568,    44.631,   -43.59,      0,   1
   -54.986,    47.205,   -24.03,      0,   1
   -58.048,    50.460,   -77.48,      0,   1
   -55.865,    47.467,   -45.97,      0,   1
   -58.020,    47.237,  -114.18,      0,   1
   -49.822,    47.141,   -11.67,      0,   1
   -57.539,    47.341,  -128.95,      0,   1
   -57.098,    44.652,   -15.56,      0,   1
   -62.806,    42.777,  -556.94,      0,   1
   -62.165,    42.891,  -396.11,      0,   1
   -49.557,    46.521,   -22.95,      0,   1
   -55.060,    47.131,    -9.69,      0,   1
   -55.990,    46.459,  -109.52,      0,   1
   -59.445,    49.332,  -191.68,      0,   1
   -58.439,    50.107,  -182.78,      0,   1
   -59.689,    48.190,    -5.45,      0,   1
   -58.796,    50.225,  -147.96,      0,   1
   -59.448,    48.863,  -138.51,      0,   1
   -58.552,    47.297,   -78.57,      0,   1
   -55.249,    45.845,   -88.50,      0,   1
   -58.815,    47.406,   -93.28,      0,   1
   -54.822,    47.242,   -43.78,      0,   1
   -53.526,    43.403,    -0.80,      0,   1
   -54.490,    47.258,   -55.78,      0,   1
   -54.553,    47.108,   -98.11,      0,   1
   -65.549,    40.725,    -6.89,      0,   1
   -60.772,    39.535,    -7.92,      0,   1
   -67.261,    41.969,    -3.19,      0,   1
   -64.210,    40.611,   -26.80,      0,   1
   -69.519,    41.891,  -126.37,      0,   1
   -66.785,    41.331,   -44.76,      0,   1
   -69.614,    41.414,    -7.73,      0,   1
   -67.586,    40.406,   -30.88,      0,   1
   -61.684,    39.564,   -15.38,      0,   1
   -69.522,    41.747,   -72.90,      0,   1
   -65.395,    41.114,   -45.31,      0,   1
   -65.479,    40.985,   -42.51,      0,   1
   -67.681,    39.518,    -3.56,      0,   1
   -69.347,    41.415,   -10.91,      0,   1
   -60.395,    39.811,   -40.03,      0,   1
   -62.636,    41.104,   -34.31,      0,   1
   -62.157,    39.605,    -3.76,      0,   1
   -63.321,    40.505,  -110.93,      0,   1
   -62.665,    41.023,   -23.03,      0,   1
   -59.483,    41.994,    -3.55,      0,   1
   -62.178,    40.977,   -58.21,      0,   1
   -66.972,    42.203,   -20.95,      0,   1
   -63.071,    44.030,   -27.11,      0,   1
   -67.090,    42.364,   -68.37,      0,   1
   -62.969,    41.117,   -12.81,      0,   1
   -63.139,    40.479,   -11.40,      0,   1
   -60.104,    39.976,   -24.29,      0,   1
   -65.507,    40.862,    -7.81,      0,   1
   -67.324,    43.273,  -176.59,      0,   1
   -69.563,    41.688,   -48.13,      0,   1
   -63.976,    41.634,    -3.83,      0,   1
   -66.848,    43.870,   -36.82,      0,   1
   -67.902,    42.313,    -4.01,      0,   1
   -58.594,    40.657,   -52.36,      0,   1
   -54.943,    40.518,   -13.50,     -3,   1
   -56.876,    40.743,    -4.66,      0,   1
   -63.968,    37.579,    -2.02,     -3,   1
   -60.079,    40.972,    -7.88,      0,   1
   -56.103,    40.147,    -8.77,     -3,   1
   -68.867,    41.281,   -41.09,      0,   1
   -62.857,    39.567,   -28.18,      0,   1
   -60.093,    44.527,   -47.46,      0,   1
   -62.914,    39.551,   -31.04,      0,   1
   -60.603,    41.854,   -43.68,      0,   1
   -67.062,    41.192,   -27.88,      0,   1
   -64.022,    41.479,   -35.43,      0,   1
   -62.124,    41.494,   -24.15,      0,   1
   -62.870,    39.843,   -27.04,      0,   1
   -66.427,    41.268,   -12.89,      0,   1
   -67.511,    41.389,   -36.26,      0,   1
   -69.453,    41.614,   -81.75,      0,   1
   -68.526,    41.717,  -141.81,      0,   1
   -62.217,    41.292,   -14.75,      0,   1
   -65.506,    40.978,   -55.66,      0,   1
   -63.173,    39.971,    -8.01,      0,   1
   -62.786,    40.979,   -15.93,      0,   1
   -62.629,    41.425,   -56.19,      0,   1
   -58.235,    46.592,   -40.14,      0,   1
   -69.027,    41.218,   -53.45,      0,   1
   -69.760,    41.738,    -5.24,      0,   1
   -69.543,    41.490,   -45.47,      0,   1
   -63.108,    39.570,  -128.54,      0,   1
   -62.851,    39.875,    -0.87,      0,   1
   -62.871,    40.976,   -50.60,      0,   1
   -62.893,    40.960,   -53.28,      0,   1
   -63.217,    40.479,   -22.49,      0,   1
   -68.154,    42.625,  -145.65,      0,   1
   -65.165,    40.917,   -72.74,      0,   1
   -66.261,    39.781,    -1.63,      0,   1
   -62.961,    40.245,    -3.75,      0,   1
   -62.273,    41.115,   -16.60,      0,   1
   -67.074,    43.210,   -69.20,      0,   1
   -58.547,    45.672,   -59.03,      0,   1
   -64.860,    40.499,   -31.83,      0,   1
   -60.037,    45.547,   -52.54,      0,   1
   -62.704,    40.950,   -20.54,      0,   1
   -59.832,    47.370,  -119.65,      0,   1
   -63.670,    40.345,    -1.44,      0,   1
   -60.036,    47.326,   -33.18,      0,   1
   -68.390,    42.304,  -183.25,      0,   1
   -59.474,    46.764,   -33.81,      0,   1
   -67.574,    42.606,   -25.74,      0,   1
   -59.638,    45.989,   -10.30,      0,   1
   -67.489,    40.509,   -11.28,      0,   1
   -62.482,    42.675,   -36.27,      0,   1
   -67.280,    43.707,   -13.68,      0,   1
   -59.667,    45.740,    -8.60,      0,   1
   -67.082,    43.258,  -108.00,      0,   1
   -59.729,    45.813,   -12.55,      0,   1
   -69.320,    41.124,   -29.70,      0,   1
   -67.170,    40.104,    -4.69,      0,   1
   -64.202,    41.207,   -20.60,      0,   1
   -64.466,    40.836,    -2.10,      0,   1
   -66.208,    44.624,    -4.55,      0,   1
   -65.650,    44.949,   -39.49,      0,   1
   -59.273,    48.137,   -57.44,      0,   1
   -60.553,    47.248,   -30.31,      0,   1
   -62.750,    40.947,   -21.55,      0,   1
   -67.350,    40.284,    -7.33,      0,   1
   -62.119,    39.423,    -8.85,      0,   1
   -68.129,    43.859,  -104.15,      0,   1
   -65.882,    43.186,   -19.44,      0,   1
   -65.178,    45.043,   -23.63,      0,   1
   -61.214,    48.592,   -58.53,      0,   1
   -60.628,    47.243,   -52.00,      0,   1
   -59.110,    45.445,   -48.23,      0,   1
   -59.978,    47.325,  -113.58,      0,   1
   -59.585,    49.552,  -156.18,      0,   1
   -61.485,    47.858,   -37.24,      0,   1
   -60.029,    48.413,   -78.14,      0,   1
   -59.876,    47.608,  -122.14,      0,   1
   -59.267,    48.419,   -30.20,      0,   1
   -59.923,    49.276,   -43.83,      0,   1
   -59.745,    48.974,   -17.74,      0,   1
   -58.897,    48.509,   -18.54,      0,   1
   -59.527,    48.665,  -119.79,      0,   1
   -59.541,    49.054,    -4.54,      0,   1
   -59.563,    48.698,  -144.16,      0,   1
   -61.542,    48.957,   -44.61,      0,   1
   -59.273,    48.752,   -69.12,      0,   1
   -59.517,    49.669,  -178.95,      0,   1
   -57.871,    50.958,   -16.60,      0,   1
   -59.456,    48.775,  -127.16,      0,   1
   -59.760,    48.472,  -219.71,      0,   1
   -59.727,    48.915,  -102.55,      0,   1
   -60.259,    46.743,   -50.98,      0,   1
   -59.148,    48.426,    -1.12,      0,   1
   -60.257,    50.006,   -28.83,      0,   1
   -59.413,    49.315,  -103.14,      0,   1
   -56.522,    47.579,   -27.71,      0,   1
   -54.224,    46.244,    -1.43,      0,   1
   -54.385,    46.923,   -98.85,      0,   1
   -49.229,    46.497,   -31.14,      0,   1
   -56.826,    46.162,   -70.13,      0,   1
   -49.619,    44.228,   -46.83,      0,   1
   -52.145,    46.812,   -37.16,      0,   1
   -54.170,    47.048,    -6.09,      0,   1
   -56.829,    46.000,  -108.23,      0,   1
   -55.009,    47.172,   -27.03,      0,   1
   -51.064,    45.867,    -4.77,      0,   1
   -54.872,    47.011,   -93.95,      0,   1
   -49.448,    44.860,    -3.34,      0,   1
   -57.575,    47.100,  -171.62,      0,   1
   -59.737,    49.565,  -116.59,      0,   1
   -59.664,    49.671,   -71.70,      0,   1
   -59.746,    49.100,   -67.23,      0,   1
   -58.026,    50.789,   -11.87,      0,   1
   -59.044,    49.473,  -166.22,      0,   1
   -59.861,    47.636,  -103.69,      0,   1
   -59.708,    49.233,   -68.72,      0,   1
   -55.942,    47.342,   -59.30,      0,   1
   -57.945,    47.322,  -151.16,      0,   1
   -58.107,    47.399,  -148.28,      0,   1
   -55.627,    46.821,    -2.82,      0,   1
   -54.303,    46.868,   -71.30,      0,   1
   -54.662,    47.338,   -29.65,      0,   1
   -54.577,    47.078,    -7.01,      0,   1
   -55.569,    46.666,   -91.44,      0,   1
   -62.740,    42.635,   -15.05,      0,   1
   -59.801,    46.053,    -6.81,      0,   1
   -61.084,    47.177,   -16.87,      0,   1
   -60.432,    47.243,   -78.31,      0,   1
   -57.910,    46.109,   -66.74,      0,   1
   -59.860,    45.811,   -48.49,      0,   1
   -57.994,    45.863,    -5.49,      0,   1
   -69.905,    39.706,  -971.23,     -3,   1
   -61.994,    46.492,    -1.03,      0,   1
   -56.366,    43.523,   -54.72,      0,   1
   -59.798,    45.862,    -9.22,      0,   1
   -56.027,    46.542,   -50.99,      0,   1
   -57.886,    47.201,   -72.47,      0,   1
   -55.786,    47.059,   -16.74,      0,   1
   -64.283,    41.538,    -5.47,      0,   1
   -56.779,    47.179,  -155.64,      0,   1
   -51.584,    44.301,   -41.87,      0,   1
   -51.481,    45.031,   -28.10,      0,   1
   -53.110,    43.130,    -5.60,      0,   1
   -55.119,    45.795,   -46.61,      0,   1
   -59.823,    49.636,   -99.97,      0,   1
   -56.875,    45.948,  -143.90,      0,   1
   -61.914,    48.037,    -7.01,      0,   1
   -51.794,    44.677,   -58.24,      0,   1
   -59.211,    48.108,   -29.95,      0,   1
   -51.704,    46.492,   -40.98,      0,   1
   -57.616,    50.470,   -62.40,      0,   1
   -53.735,    46.507,   -69.60,      0,   1
   -59.339,    48.222,   -40.79,      0,   1
   -63.726,    43.058,   -36.75,      0,   1
   -59.769,    48.485,  -190.21,      0,   1
   -50.066,    47.026,   -52.08,      0,   1
   -59.310,    48.675,   -55.95,      0,   1
   -55.421,    45.601,   -91.72,      0,   1
   -60.009,    48.586,  -233.83,      0,   1
   -51.426,    45.004,   -16.25,      0,   1
   -59.876,    49.333,   -49.79,      0,   1
   -52.852,    44.577,    -4.09,      0,   1
   -59.931,    49.233,   -96.06,      0,   1
   -55.212,    46.911,   -45.35,      0,   1
   -59.604,    49.740,   -70.62,      0,   1
   -54.308,    45.315,   -71.71,      0,   1
   -59.888,    49.318,   -65.60,      0,   1
   -49.961,    47.525,   -42.42,      0,   1
   -59.312,    47.106,   -26.40,      0,   1
   -56.921,    44.460,   -18.79,      0,   1
   -59.537,    49.504,  -175.92,      0,   1
   -51.100,    45.948,    -9.49,      0,   1
   -60.314,    48.264,    -6.36,      0,   1
   -55.502,    47.445,   -22.17,      0,   1
   -54.513,    45.360,   -56.05,      0,   1
   -59.754,    49.295,   -83.22,      0,   1
   -57.655,    47.320,  -143.49,      0,   1
   -51.380,    44.628,   -38.03,      0,   1
   -59.671,    49.258,   -79.25,      0,   1
   -55.759,    47.280,   -45.40,      0,   1
   -55.515,    46.905,   -29.11,      0,   1
   -59.346,    49.985,   -43.84,      0,   1
   -53.181,    43.731,   -44.72,      0,   1
   -50.326,    45.705,   -14.29,      0,   1
   -57.907,    47.398,  -127.56,      0,   1
   -58.192,    47.560,   -68.87,      0,   1
   -53.751,    44.716,  -287.47,      0,   1
   -51.342,    46.289,   -19.23,      0,   1
   -59.728,    49.290,   -84.78,      0,   1
   -56.099,    47.255,    -7.08,      0,   1
   -56.793,    47.424,  -102.27,      0,   1
   -59.067,    43.860,   -24.31,      0,   1
   -50.745,    46.143,   -55.35,      0,   1
   -58.524,    44.225,  -217.88,      0,   1
   -51.460,    45.556,   -11.49,      0,   1
   -57.279,    47.346,  -137.72,      0,   1
   -55.112,    47.003,    -4.31,      0,   1
   -54.840,    47.309,   -12.44,      0,   1
   -55.105,    46.167,  -151.87,      0,   1
   -59.470,    49.081,   -11.77,      0,   1
   -59.062,    49.490,  -156.82,      0,   1
   -59.654,    49.184,   -73.41,      0,   1
   -57.822,    50.951,   -13.54,      0,   1
   -57.708,    47.040,   -22.02,      0,   1
   -49.479,    45.682,   -43.32,      0,   1
   -55.779,    47.361,    -4.65,      0,   1
   -50.647,    45.888,   -11.71,      0,   1
   -54.969,    47.264,    -1.37,      0,   1
   -54.996,    46.924,   -29.08,      0,   1
   -54.627,    47.104,  -100.28,      0,   1
   -57.331,    46.682,    -2.22,      0,   1
   -57.947,    44.697,    -8.90,      0,   1
   -68.551,    41.342,    -0.15,      0,   1
   -67.705,    41.481,    -8.09,      0,   1
   -69.313,    41.611,   -78.97,      0,   1
   -64.437,    40.863,   -79.52,      0,   1
   -61.663,    41.398,   -71.64,      0,   1
   -69.167,    41.905,  -158.13,      0,   1
   -62.377,    41.245,   -18.85,      0,   1
   -55.488,    42.789,    -2.52,      0,   1
   -62.815,    41.259,   -40.67,      0,   1
   -63.775,    43.111,   -17.47,      0,   1
   -69.190,    41.178,   -37.58,      0,   1
   -60.939,    39.564,   -29.75,      0,   1
   -64.667,    40.553,   -19.95,      0,   1
   -63.254,    41.515,    -0.69,      0,   1
   -62.658,    41.329,    -3.29,      0,   1
   -63.327,    40.509,  -105.84,      0,   1
   -55.760,    41.772,    -2.29,      0,   1
   -66.202,    42.428,   -66.46,      0,   1
   -67.467,    42.964,   -29.93,      0,   1
   -64.034,    41.329,    -4.01,      0,   1
   -68.342,    42.217,  -166.98,      0,   1
   -66.470,    43.747,   -18.96,      0,   1
   -66.321,    42.695,  -114.76,      0,   1
   -67.654,    41.306,    -8.91,      0,   1
   -67.471,    42.892,  -180.45,      0,   1
   -66.855,    43.170,   -17.03,      0,   1
   -66.705,    43.777,   -76.41,      0,   1
   -69.697,    42.009,   -90.43,      0,   1
   -68.292,    41.662,   -37.50,      0,   1
   -63.876,    37.609,    -3.25,     -3,   1
   -63.471,    37.744,    -1.52,     -3,   1
   -60.785,    41.517,   -34.29,      0,   1
   -60.458,    39.765,   -15.63,      0,   1
   -62.541,    41.062,   -53.80,      0,   1
   -58.383,    45.900,   -51.07,      0,   1
   -58.850,    44.888,   -16.58,      0,   1
   -63.458,    39.918,  -141.84,      0,   1
   -57.345,    47.224,   -12.93,      0,   1
   -57.671,    46.181,   -64.82,      0,   1
   -69.199,    42.093,  -164.55,      0,   1
   -60.217,    47.494,  -144.14,      0,   1
   -57.634,    46.361,   -57.08,      0,   1
   -60.243,    47.234,   -78.41,      0,   1
   -61.655,    39.346,   -13.40,      0,   1
   -60.242,    45.503,   -44.64,      0,   1
   -60.344,    47.632,  -138.59,      0,   1
   -61.242,    42.963,   -19.62,      0,   1
   -62.194,    39.617,    -0.52,      0,   1
   -59.487,    42.408,    -9.69,      0,   1
   -57.626,    44.644,   -75.74,      0,   1
   -57.403,    44.908,  -118.48,      0,   1
   -58.516,    44.497,   -80.52,      0,   1
   -62.122,    42.341,   -10.77,      0,   1
   -58.019,    47.423,   -21.02,      0,   1
   -56.639,    47.435,   -22.70,      0,   1
   -60.817,    48.040,  -198.66,      0,   1
   -60.161,    47.220,  -198.13,      0,   1
   -61.756,    46.481,   -37.20,      0,   1
   -61.308,    48.229,   -17.58,      0,   1
   -60.861,    47.422,   -46.85,      0,   1
   -57.975,    45.088,   -23.74,      0,   1
   -61.631,    42.890,   -22.28,      0,   1
   -59.731,    47.893,   -28.49,      0,   1
   -60.298,    48.513,   -41.78,      0,   1
   -59.158,    46.049,   -67.90,      0,   1
   -57.712,    50.538,   -72.41,      0,   1
   -60.409,    47.366,   -59.79,      0,   1
   -59.310,    46.678,   -28.39,      0,   1
   -60.231,    48.597,   -52.80,      0,   1
   -59.958,    48.124,  -157.46,      0,   1
   -60.248,    47.527,   -65.24,      0,   1
   -59.666,    48.430,    -8.21,      0,   1
   -58.128,    46.585,    -7.71,      0,   1
   -63.405,    40.360,  -128.97,      0,   1
   -67.359,    40.874,    -0.24,      0,   1
   -64.302,    40.829,    -1.30,      0,   1
   -67.515,    43.107,    -9.36,      0,   1
   -66.350,    44.684,   -11.15,      0,   1
   -68.381,    43.684,    -8.71,      0,   1
   -60.329,    48.207,   -44.13,      0,   1
   -59.958,    47.620,   -19.93,      0,   1
   -59.683,    48.908,   -68.82,      0,   1
   -59.301,    48.407,   -74.69,      0,   1
   -60.811,    47.628,   -18.00,      0,   1
   -59.572,    49.933,   -35.02,      0,   1
   -59.011,    48.203,   -34.43,      0,   1
   -60.020,    49.137,  -204.80,      0,   1
   -59.647,    48.948,   -68.20,      0,   1
   -60.058,    47.806,   -45.16,      0,   1
   -59.695,    49.116,   -91.34,      0,   1
   -60.079,    48.873,  -171.47,      0,   1
   -59.859,    49.225,   -65.23,      0,   1
   -59.566,    46.351,   -47.62,      0,   1
   -59.488,    49.170,   -87.24,      0,   1
   -60.855,    48.962,   -95.48,      0,   1
   -59.685,    49.355,  -107.80,      0,   1
   -59.418,    47.139,    -4.88,      0,   1
   -58.525,    50.031,    -3.35,      0,   1
   -59.580,    49.250,   -90.78,      0,   1
   -59.625,    49.768,   -63.66,      0,   1
   -57.044,    47.423,  -110.94,      0,   1
   -49.608,    45.751,   -22.52,      0,   1
   -55.182,    46.969,   -43.93,      0,   1
   -58.959,    44.711,   -38.99,      0,   1
   -50.093,    46.826,   -28.79,      0,   1
   -53.951,    46.050,   -47.79,      0,   1
   -51.089,    44.635,    -5.04,      0,   1
   -54.524,    46.782,  -136.75,      0,   1
   -59.547,    43.689,   -18.30,      0,   1
   -51.355,    44.070,    -5.45,      0,   1
   -55.323,    46.665,   -24.67,      0,   1
   -54.714,    47.004,   -84.59,      0,   1
   -55.561,    46.294,  -132.03,      0,   1
   -56.012,    47.599,   -19.25,      0,   1
   -60.567,    47.971,    -9.29,      0,   1
   -59.692,    49.295,   -39.79,      0,   1
   -56.135,    50.194,   -29.62,      0,   1
   -61.246,    47.923,   -30.86,      0,   1
   -59.658,    49.360,  -119.46,      0,   1
   -57.982,    50.381,   -89.02,      0,   1
   -60.039,    49.378,  -105.02,      0,   1
   -54.186,    47.143,   -50.74,      0,   1
   -55.861,    47.484,   -35.43,      0,   1
   -57.727,    47.629,   -29.59,      0,   1
   -53.690,    46.660,    -1.49,      0,   1
   -54.426,    47.358,   -38.55,      0,   1
   -52.585,    44.488,    -1.59,      0,   1
   -48.043,    46.598,   -13.35,      0,   1
   -58.406,    44.371,   -17.29,      0,   1
   -60.986,    45.401,   -16.13,      0,   1
   -60.212,    47.339,  -113.46,      0,   1
   -60.838,    47.425,   -49.80,      0,   1
   -55.867,    46.049,   -71.69,      0,   1
   -51.038,    43.887,    -0.87,      0,   1
   -54.001,    45.854,   -85.85,      0,   1
   -53.893,    43.854,   -64.37,      0,   1
   -59.536,    45.413,   -84.32,      0,   1
   -50.819,    44.071,   -34.48,      0,   1
   -55.406,    45.158,  -141.28,      0,   1
   -53.482,    45.096,    -6.08,      0,   1
   -56.995,    45.365,  -267.23,      0,   1
   -50.892,    43.404,   -28.97,      0,   1
   -60.178,    47.434,   -98.89,      0,   1
   -51.414,    43.836,    -3.93,      0,   1
   -59.966,    48.300,   -81.05,      0,   1
   -52.897,    45.887,   -55.33,      0,   1
   -59.811,    47.957,  -263.91,      0,   1
   -49.437,    44.436,   -64.26,      0,   1
   -60.404,    48.303,   -23.39,      0,   1
   -50.767,    46.167,   -74.34,      0,   1
   -59.936,    47.356,  -118.15,      0,   1
   -56.517,    44.532,   -14.78,      0,   1
   -59.634,    49.291,   -95.95,      0,   1
   -64.232,    42.817,   -61.29,      0,   1
   -58.283,    50.863,   -64.76,      0,   1
   -62.483,    43.031,  -118.95,      0,   1
   -57.125,    47.168,    -1.32,      0,   1
   -57.523,    44.628,  -142.36,      0,   1
   -59.663,    49.168,   -13.10,      0,   1
   -56.399,    45.580,   -97.68,      0,   1
   -59.729,    49.358,   -32.34,      0,   1
   -53.859,    43.918,    -8.21,      0,   1
   -59.976,    47.971,  -338.92,      0,   1
   -51.010,    43.464,   -35.57,      0,   1
   -59.787,    49.155,  -141.16,      0,   1
   -48.850,    46.705,    -7.98,      0,   1
   -59.748,    48.883,   -19.15,      0,   1
   -50.348,    47.062,   -64.28,      0,   1
   -57.880,    46.988,   -40.68,      0,   1
   -50.697,    46.717,   -51.41,      0,   1
   -59.728,    49.536,  -131.25,      0,   1
   -56.283,    47.272,   -62.53,      0,   1
   -50.401,    45.800,    -8.17,      0,   1
   -59.853,    49.387,  -122.99,      0,   1
   -57.747,    47.504,   -63.51,      0,   1
   -55.536,    46.263,  -127.50,      0,   1
   -59.835,    49.341,  -106.97,      0,   1
   -57.890,    47.349,  -152.71,      0,   1
   -55.634,    46.315,  -107.00,      0,   1
   -59.538,    48.882,   -21.09,      0,   1
   -57.094,    45.189,   -12.07,      0,   1
   -55.392,    46.324,  -120.87,      0,   1
   -60.332,    47.648,   -34.23,      0,   1
   -56.486,    46.964,   -11.39,      0,   1
   -57.844,    47.356,  -154.50,      0,   1
   -49.211,    46.676,   -25.01,      0,   1
   -56.061,    46.422,  -118.09,      0,   1
   -59.621,    49.121,   -51.18,      0,   1
   -58.654,    47.355,  -157.21,      0,   1
   -50.723,    43.069,   -13.47,      0,   1
   -57.100,    46.117,  -183.19,      0,   1
   -48.637,    47.261,   -33.32,      0,   1
   -51.653,    45.103,    -8.48,      0,   1
   -54.615,    47.070,  -101.90,      0,   1
   -49.902,    45.876,   -51.33,      0,   1
   -56.142,    46.682,   -69.55,      0,   1
   -55.794,    46.482,  -122.18,      0,   1
   -59.036,    50.209,  -100.59,      0,   1
   -60.159,    48.074,   -46.91,      0,   1
   -59.655,    49.292,  -172.97,      0,   1
   -60.417,    47.344,   -67.06,      0,   1
   -59.582,    48.768,    -5.44,      0,   1
   -57.951,    47.572,   -69.07,      0,   1
   -57.578,    47.161,  -173.54,      0,   1
   -58.820,    47.421,  -109.43,      0,   1
   -54.632,    47.287,   -51.94,      0,   1
   -53.995,    46.741,    -1.36,      0,   1
   -54.212,    47.006,   -52.00,      0,   1
   -55.228,    46.979,   -30.23,      0,   1
   -58.138,    41.187,    -2.58,      0,   1
   -69.017,    40.931,    -4.26,      0,   1
   -63.179,    41.433,   -18.91,      0,   1
   -62.479,    41.228,   -31.04,      0,   1
   -69.144,    41.498,   -21.13,      0,   1
   -63.022,    39.541,   -31.12,      0,   1
   -63.635,    40.851,    -8.39,      0,   1
   -65.348,    41.026,   -18.20,      0,   1
   -62.877,    40.110,   -27.34,      0,   1
   -64.974,    41.080,   -14.76,      0,   1
   -62.681,    41.046,   -20.53,      0,   1
   -68.175,    41.441,   -46.49,      0,   1
   -62.692,    41.396,   -59.62,      0,   1
   -60.768,    39.274,    -6.88,      0,   1
   -68.883,    41.475,   -25.01,      0,   1
   -62.203,    41.656,    -3.04,      0,   1
   -56.257,    42.242,   -23.25,      0,   1
   -60.361,    41.804,    -4.49,      0,   1
   -59.275,    41.970,    -2.43,      0,   1
   -55.764,    41.550,   -42.66,      0,   1
   -62.902,    39.670,    -5.03,      0,   1
   -63.938,    43.210,   -17.17,      0,   1
   -63.252,    40.314,   -24.66,      0,   1
   -64.728,    42.044,   -20.11,      0,   1
   -67.130,    42.292,   -24.75,      0,   1
   -61.752,    39.565,    -1.89,      0,   1
   -68.782,    42.198,  -158.11,      0,   1
   -68.061,    42.174,  -143.39,      0,   1
   -66.656,    43.736,   -63.93,      0,   1
   -61.451,    41.603,    -2.87,      0,   1
   -68.450,    41.746,   -69.99,      0,   1
   -67.158,    41.040,   -62.16,      0,   1
   -65.500,    40.757,   -46.15,      0,   1
   -62.620,    41.212,   -50.88,      0,   1
   -56.814,    40.650,   -19.59,      0,   1
   -68.931,    39.842,   -94.08,      0,   1
   -67.394,    40.402,   -62.26,      0,   1
   -63.098,    40.583,   -20.55,      0,   1
   -60.176,    39.508,    -9.97,      0,   1
   -69.736,    41.955,   -65.31,      0,   1
   -56.520,    41.859,   -16.16,      0,   1
   -56.191,    41.564,   -40.56,      0,   1
   -69.368,    41.793,  -125.91,      0,   1
   -65.309,    40.840,   -49.44,      0,   1
   -65.053,    40.903,   -31.37,      0,   1
   -66.434,    43.999,   -59.72,      0,   1
   -63.408,    40.556,   -38.31,      0,   1
   -63.152,    40.578,   -43.56,      0,   1
   -62.768,    40.604,    -5.54,      0,   1
   -61.301,    41.422,   -72.25,      0,   1
   -65.761,    41.343,    -5.64,      0,   1
   -69.667,    41.437,   -23.89,      0,   1
   -63.191,    37.836,    -2.72,     -3,   1
   -63.204,    40.371,   -17.32,      0,   1
   -60.184,    38.826,    -0.04,     -3,   1
   -68.901,    41.816,  -117.91,      0,   1
   -66.370,    41.295,   -13.88,      0,   1
   -59.837,    47.062,  -177.63,      0,   1
   -56.094,    41.889,   -28.91,      0,   1
   -60.770,    41.034,    -6.29,      0,   1
   -65.542,    40.849,   -44.68,      0,   1
   -62.363,    41.289,    -9.82,      0,   1
   -60.545,    42.116,   -58.13,      0,   1
   -59.800,    40.362,   -38.01,      0,   1
   -66.451,    41.633,   -12.38,      0,   1
   -63.323,    40.559,  -139.58,      0,   1
   -62.725,    40.996,   -26.32,      0,   1
   -69.462,    41.725,   -80.44,      0,   1
   -62.642,    41.067,   -20.88,      0,   1
   -58.596,    42.153,   -42.28,      0,   1
   -67.424,    40.129,   -17.27,      0,   1
   -63.038,    40.825,   -44.17,      0,   1
   -59.761,    47.554,  -140.05,      0,   1
   -62.672,    41.057,   -25.23,      0,   1
   -59.215,    45.128,   -19.78,      0,   1
   -65.215,    40.572,   -49.82,      0,   1
   -59.167,    46.027,   -52.33,      0,   1
   -66.998,    40.498,    -8.48,      0,   1
   -57.820,    46.630,    -6.26,      0,   1
   -68.867,    42.027,  -151.23,      0,   1
   -59.104,    46.090,   -96.23,      0,   1
   -68.788,    41.430,   -53.01,      0,   1
   -59.934,    45.664,   -43.92,      0,   1
   -59.755,    42.052,   -76.99,      0,   1
   -59.864,    49.125,   -12.72,      0,   1
   -66.918,    42.092,   -10.46,      0,   1
   -58.355,    46.643,    -9.49,      0,   1
   -62.389,    41.260,   -31.19,      0,   1
   -53.377,    45.062,   -20.89,      0,   1
   -68.456,    41.250,   -24.70,      0,   1
   -59.964,    48.435,  -117.92,      0,   1
   -62.621,    41.190,   -24.54,      0,   1
   -66.727,    40.813,    -5.06,      0,   1
   -63.039,    40.538,   -15.67,      0,   1
   -55.459,    41.838,   -12.00,      0,   1
   -66.102,    44.560,   -16.58,      0,   1
   -67.490,    42.359,   -82.16,      0,   1
   -59.250,    46.070,   -24.48,      0,   1
   -59.717,    45.898,   -47.66,      0,   1
   -59.961,    47.379,  -183.36,      0,   1
   -69.070,    41.256,   -47.64,      0,   1
   -67.043,    39.511,   -10.25,      0,   1
   -67.594,    42.565,  -144.86,      0,   1
   -67.884,    44.141,   -17.56,      0,   1
   -65.187,    45.161,   -21.31,      0,   1
   -66.875,    43.693,  -104.18,      0,   1
   -59.972,    47.751,   -50.22,      0,   1
   -60.449,    47.322,   -85.77,      0,   1
   -59.777,    49.379,   -11.26,      0,   1
   -59.048,    48.473,   -21.14,      0,   1
   -59.414,    48.722,  -105.42,      0,   1
   -60.064,    47.121,    -8.54,      0,   1
   -59.634,    49.292,   -88.69,      0,   1
   -60.421,    47.704,   -48.51,      0,   1
   -59.630,    49.285,   -59.50,      0,   1
   -59.636,    48.776,   -27.32,      0,   1
   -59.776,    48.922,   -99.23,      0,   1
   -59.861,    49.455,   -38.72,      0,   1
   -59.805,    49.194,   -89.26,      0,   1
   -56.235,    46.928,    -2.83,      0,   1
   -60.054,    48.683,  -229.76,      0,   1
   -59.305,    50.100,   -39.19,      0,   1
   -60.427,    47.935,   -49.69,      0,   1
   -58.061,    50.530,   -41.47,      0,   1
   -60.016,    48.433,  -280.46,      0,   1
   -59.536,    46.553,   -26.55,      0,   1
   -59.463,    46.809,   -27.20,      0,   1
   -60.043,    49.016,    -4.29,      0,   1
   -59.287,    49.282,   -29.10,      0,   1
   -60.288,    47.663,   -34.77,      0,   1
   -57.121,    47.279,    -5.04,      0,   1
   -59.561,    49.133,   -71.81,      0,   1
   -60.040,    48.384,  -108.98,      0,   1
   -56.380,    47.441,  -110.06,      0,   1
   -59.247,    48.279,   -50.18,      0,   1
   -49.332,    46.769,   -23.85,      0,   1
   -54.841,    47.057,   -83.69,      0,   1
   -49.539,    46.412,   -27.28,      0,   1
   -49.600,    46.917,   -13.20,      0,   1
   -57.168,    44.757,  -348.92,      0,   1
   -54.258,    46.644,    -3.90,      0,   1
   -51.652,    46.126,   -64.02,      0,   1
   -47.957,    47.063,   -42.19,      0,   1
   -55.175,    47.008,   -19.02,      0,   1
   -56.481,    44.940,   -32.29,      0,   1
   -55.594,    46.280,   -87.48,      0,   1
   -54.879,    47.258,   -35.88,      0,   1
   -56.433,    47.572,   -18.30,      0,   1
   -59.406,    48.530,   -91.17,      0,   1
   -59.407,    48.779,  -120.75,      0,   1
   -59.742,    49.340,   -20.89,      0,   1
   -59.553,    49.148,   -60.86,      0,   1
   -59.716,    48.770,  -143.00,      0,   1
   -59.282,    48.449,   -69.90,      0,   1
   -59.743,    49.098,  -133.18,      0,   1
   -58.830,    47.398,  -110.39,      0,   1
   -58.050,    47.631,   -46.58,      0,   1
   -55.121,    45.881,    -5.71,      0,   1
   -55.249,    46.686,   -24.03,      0,   1
   -54.884,    47.003,    -5.23,      0,   1
   -54.486,    47.324,    -4.14,      0,   1
   -59.907,    45.843,   -24.89,      0,   1
   -61.852,    46.978,   -42.53,      0,   1
   -61.141,    45.012,   -33.47,      0,   1
   -60.300,    41.727,    -2.03,      0,   1
   -60.331,    46.322,    -9.58,      0,   1
   -57.263,    45.211,   -58.48,      0,   1
   -59.721,    45.915,   -32.79,      0,   1
   -60.657,    45.019,    -6.76,      0,   1
   -54.205,    44.062,    -8.43,      0,   1
   -61.707,    43.020,  -393.16,      0,   1
   -59.109,    44.559,   -19.00,      0,   1
   -61.602,    43.029,  -436.84,      0,   1
   -54.079,    46.727,   -38.75,      0,   1
   -54.419,    46.922,  -108.33,      0,   1
   -50.993,    44.576,   -31.56,      0,   1
   -51.165,    44.986,   -43.57,      0,   1
   -50.340,    42.798,    -3.51,      0,   1
   -50.979,    44.156,   -12.12,      0,   1
   -59.733,    49.053,   -15.17,      0,   1
   -51.146,    44.519,   -31.44,      0,   1
   -59.080,    50.392,   -69.99,      0,   1
   -61.720,    43.494,   -28.21,      0,   1
   -59.538,    49.027,   -15.60,      0,   1
   -51.677,    45.322,   -38.88,      0,   1
   -60.500,    48.118,   -18.83,      0,   1
   -54.379,    45.324,   -64.56,      0,   1
   -58.521,    50.187,  -161.28,      0,   1
   -55.232,    45.861,   -35.26,      0,   1
   -59.968,    46.695,   -25.94,      0,   1
   -59.537,    43.681,   -34.80,      0,   1
   -59.730,    48.093,  -215.48,      0,   1
   -53.116,    45.813,   -47.00,      0,   1
   -59.860,    49.439,   -45.09,      0,   1
   -61.494,    42.871,  -917.61,      0,   1
   -59.975,    48.415,  -268.76,      0,   1
   -63.055,    42.499,  -141.81,      0,   1
   -59.681,    48.740,   -14.68,      0,   1
   -53.763,    45.999,   -67.39,      0,   1
   -59.649,    48.728,   -16.30,      0,   1
   -49.449,    45.083,   -17.27,      0,   1
   -59.777,    49.185,  -140.37,      0,   1
   -50.346,    45.464,   -26.35,      0,   1
   -59.886,    49.134,   -80.87,      0,   1
   -58.968,    44.332,   -56.86,      0,   1
   -59.971,    48.496,  -255.71,      0,   1
   -51.260,    44.834,   -46.46,      0,   1
   -59.658,    49.207,  -170.77,      0,   1
   -55.182,    45.947,  -102.58,      0,   1
   -51.917,    43.546,    -9.07,      0,   1
   -59.913,    49.480,   -36.74,      0,   1
   -53.652,    46.863,   -14.68,      0,   1
   -49.993,    45.809,   -52.42,      0,   1
   -59.613,    49.171,  -170.03,      0,   1
   -55.671,    47.450,   -37.01,      0,   1
   -55.494,    46.285,  -136.14,      0,   1
   -57.739,    47.615,   -39.91,      0,   1
   -57.968,    47.444,  -116.04,      0,   1
   -55.870,    46.435,  -124.32,      0,   1
   -59.765,    49.325,  -115.83,      0,   1
   -56.391,    47.513,   -64.43,      0,   1
   -56.225,    46.185,    -3.35,      0,   1
   -50.938,    47.042,   -56.86,      0,   1
   -55.607,    46.368,  -121.08,      0,   1
   -59.177,    50.341,   -37.82,      0,   1
   -59.166,    47.340,   -51.50,      0,   1
   -57.801,    47.238,  -161.52,      0,   1
   -55.158,    46.924,   -57.66,      0,   1
   -53.901,    46.323,   -69.44,      0,   1
   -57.530,    45.565,   -24.77,      0,   1
   -49.438,    46.548,   -25.32,      0,   1
   -57.352,    45.443,  -350.81,      0,   1
   -55.083,    47.013,    -6.05,      0,   1
   -55.469,    46.846,    -5.91,      0,   1
   -52.155,    46.551,   -55.82,      0,   1
   -59.137,    50.184,  -119.91,      0,   1
   -60.273,    47.550,   -71.80,      0,   1
   -59.395,    48.851,  -100.22,      0,   1
   -59.774,    49.314,  -134.42,      0,   1
   -59.734,    49.352,   -40.97,      0,   1
   -50.348,    45.758,   -30.69,      0,   1
   -57.652,    47.438,  -105.94,      0,   1
   -57.889,    47.153,  -154.35,      0,   1
   -54.233,    47.075,   -59.31,      0,   1
   -56.220,    47.081,   -66.62,      0,   1
   -48.883,    45.010,    -4.18,      0,   1
   -57.727,    46.028,    -1.88,      0,   1
   -61.966,    42.681,   -23.63,      0,   1
   -69.029,    41.913,  -151.37,      0,   1
   -66.183,    41.675,   -22.19,      0,   1
   -69.613,    41.999,   -98.23,      0,   1
   -62.825,    41.133,   -34.76,      0,   1
   -69.265,    41.628,   -26.98,      0,   1
   -62.153,    41.807,   -11.04,      0,   1
   -66.741,    41.416,   -30.35,      0,   1
   -58.234,    44.796,    -8.97,      0,   1
   -68.405,    42.979,    -1.15,      0,   1
   -67.293,    41.709,    -5.24,      0,   1
   -68.097,    41.759,   -64.22,      0,   1
   -62.462,    41.288,   -12.64,      0,   1
   -56.210,    42.123,    -2.71,      0,   1
   -63.907,    40.762,   -38.18,      0,   1
   -56.011,    41.532,   -34.74,      0,   1
   -55.457,    41.635,   -18.12,      0,   1
   -64.693,    40.482,   -47.22,      0,   1
   -60.693,    39.657,   -19.30,      0,   1
   -69.852,    40.664,    -3.21,      0,   1
   -61.898,    40.948,   -12.80,      0,   1
   -66.450,    42.100,    -2.28,      0,   1
   -66.298,    42.890,   -63.83,      0,   1
   -66.872,    43.691,   -58.36,      0,   1
   -68.343,    41.508,   -32.74,      0,   1
   -63.322,    40.139,   -20.48,      0,   1
   -69.488,    42.074,  -145.56,      0,   1
   -62.848,    39.518,   -29.46,      0,   1
   -66.524,    43.830,   -14.24,      0,   1
   -59.097,    40.745,    -5.93,      0,   1
   -62.588,    42.549,   -17.62,      0,   1
   -62.126,    41.457,   -21.93,      0,   1
   -63.518,    39.988,  -129.78,      0,   1
   -61.228,    39.374,     0.06,      0,   1
   -63.012,    40.393,   -10.35,      0,   1
   -58.583,    45.505,   -36.24,      0,   1
   -58.038,    46.306,   -16.44,      0,   1
   -66.386,    43.414,   -26.50,      0,   1
   -58.533,    44.736,   -11.57,      0,   1
   -58.831,    45.402,   -31.07,      0,   1
   -66.917,    39.596,   -21.42,      0,   1
   -60.232,    48.349,   -62.23,      0,   1
   -59.250,    44.366,  -115.92,      0,   1
   -60.625,    47.408,   -17.63,      0,   1
   -62.150,    39.427,    -6.36,      0,   1
   -58.065,    45.178,   -15.86,      0,   1
   -58.105,    45.553,   -75.06,      0,   1
   -59.614,    49.570,  -146.43,      0,   1
   -62.390,    41.144,   -35.82,      0,   1
   -59.915,    46.806,  -123.41,      0,   1
   -60.641,    45.304,    -8.79,      0,   1
   -54.153,    42.019,    -6.37,      0,   1
   -59.725,    46.831,   -14.72,      0,   1
   -60.298,    47.360,   -57.71,      0,   1
   -62.337,    42.791,   -20.24,      0,   1
   -48.851,    44.987,    -5.70,      0,   1
   -60.437,    47.655,   -84.93,      0,   1
   -61.312,    48.011,   -37.86,      0,   1
   -59.862,    45.835,   -15.54,      0,   1
   -60.816,    47.965,   -62.51,      0,   1
   -59.405,    45.039,   -17.91,      0,   1
   -56.107,    46.146,    -2.73,      0,   1
   -60.825,    48.065,  -212.58,      0,   1
   -59.298,    45.053,   -62.12,      0,   1
   -60.755,    48.102,   -67.56,      0,   1
   -60.282,    48.202,   -69.10,      0,   1
   -60.160,    49.221,  -134.10,      0,   1
   -62.818,    42.646,   -15.53,      0,   1
   -61.165,    48.611,  -121.24,      0,   1
   -61.074,    47.470,   -18.22,      0,   1
   -60.066,    50.010,   -12.12,      0,   1
   -59.901,    49.212,   -95.13,      0,   1
   -60.625,    47.535,   -22.64,      0,   1
   -59.883,    47.786,   -42.02,      0,   1
   -57.547,    46.457,   -11.67,      0,   1
   -66.751,    39.955,   -14.82,      0,   1
   -62.487,    40.785,   -18.37,      0,   1
   -59.557,    42.090,   -45.27,      0,   1
   -67.480,    42.457,  -115.68,      0,   1
   -63.932,    40.431,    -3.05,      0,   1
   -60.069,    48.408,   -12.35,      0,   1
   -59.300,    48.092,    -4.85,      0,   1
   -60.346,    48.105,   -57.32,      0,   1
   -59.706,    48.929,   -17.07,      0,   1
   -58.947,    49.026,    -2.39,      0,   1
   -59.445,    46.875,   -33.98,      0,   1
   -59.776,    49.316,  -101.37,      0,   1
   -59.750,    49.345,   -31.91,      0,   1
   -59.972,    48.987,  -119.82,      0,   1
   -59.893,    47.365,  -158.12,      0,   1
   -60.024,    48.687,  -239.16,      0,   1
   -61.508,    48.064,   -23.92,      0,   1
   -59.724,    48.447,    -7.61,      0,   1
   -59.791,    45.788,   -17.27,      0,   1
   -61.336,    48.818,   -58.06,      0,   1
   -58.585,    45.556,    -9.35,      0,   1
   -59.528,    48.554,  -128.56,      0,   1
   -58.863,    49.708,  -172.94,      0,   1
   -59.472,    48.639,  -115.01,      0,   1
   -59.622,    49.055,   -70.09,      0,   1
   -59.590,    49.286,   -92.99,      0,   1
   -59.637,    49.264,   -85.07,      0,   1
   -56.254,    47.008,   -22.58,      0,   1
   -49.250,    45.105,   -16.62,      0,   1
   -48.184,    44.781,    -5.24,      0,   1
   -55.316,    46.682,   -31.45,      0,   1
   -51.062,    45.223,   -56.39,      0,   1
   -57.369,    46.363,   -36.79,      0,   1
   -50.895,    44.518,   -44.28,      0,   1
   -49.531,    45.163,   -66.94,      0,   1
   -54.468,    46.269,    -8.64,      0,   1
   -52.710,    46.312,   -80.75,      0,   1
   -49.719,    45.999,   -44.88,      0,   1
   -55.820,    46.568,   -96.03,      0,   1
   -51.043,    46.626,   -71.62,      0,   1
   -50.683,    46.845,   -66.37,      0,   1
   -56.301,    47.640,   -32.32,      0,   1
   -59.499,    49.517,  -168.94,      0,   1
   -59.400,    48.719,  -107.51,      0,   1
   -59.520,    48.989,   -44.51,      0,   1
   -59.792,    49.328,  -109.67,      0,   1
   -59.755,    49.292,  -123.39,      0,   1
   -56.511,    47.471,   -95.10,      0,   1
   -56.327,    47.273,  -118.57,      0,   1
   -55.039,    47.134,   -13.22,      0,   1
   -48.363,    46.314,   -33.63,      0,   1
   -61.164,    47.119,   -55.22,      0,   1
   -59.896,    47.183,  -189.37,      0,   1
   -60.172,    44.525,    -1.01,      0,   1
   -61.851,    46.439,   -34.36,      0,   1
   -60.063,    46.817,    -9.09,      0,   1
   -54.138,    46.072,   -66.71,      0,   1
   -58.005,    47.357,  -120.84,      0,   1
   -58.152,    45.365,   -71.53,      0,   1
   -59.769,    44.127,   -59.10,      0,   1
   -56.472,    44.500,   -10.79,      0,   1
   -49.534,    44.678,    -7.62,      0,   1
   -54.174,    47.180,   -43.82,      0,   1
   -56.886,    44.571,    -2.93,      0,   1
   -50.807,    43.343,   -24.46,      0,   1
   -54.657,    45.469,   -69.68,      0,   1
   -59.803,    47.468,  -134.91,      0,   1
   -50.875,    45.433,   -59.19,      0,   1
   -59.965,    48.663,   -25.10,      0,   1
   -54.536,    44.901,   -60.40,      0,   1
   -60.191,    47.826,   -37.65,      0,   1
   -50.626,    44.579,   -35.66,      0,   1
   -59.953,    49.269,   -31.57,      0,   1
   -50.871,    46.224,   -57.72,      0,   1
   -59.650,    48.772,   -15.26,      0,   1
   -56.029,    46.518,   -52.26,      0,   1
   -60.921,    48.124,   -40.22,      0,   1
   -50.854,    44.077,   -34.71,      0,   1
   -59.701,    49.514,  -135.07,      0,   1
   -50.226,    47.267,   -39.73,      0,   1
   -59.770,    49.337,  -114.39,      0,   1
   -56.618,    46.734,   -66.73,      0,   1
   -59.771,    49.336,   -79.64,      0,   1
   -51.380,    44.442,   -42.47,      0,   1
   -60.043,    49.289,   -70.32,      0,   1
   -56.577,    45.724,  -115.52,      0,   1
   -59.661,    49.298,  -169.34,      0,   1
   -52.036,    44.731,   -33.10,      0,   1
   -59.894,    47.512,  -193.04,      0,   1
   -53.377,    43.924,    -5.02,      0,   1
   -59.936,    49.205,   -87.52,      0,   1
   -52.668,    44.968,   -56.06,      0,   1
   -58.651,    49.589,   -97.21,      0,   1
   -50.617,    45.053,   -33.77,      0,   1
   -59.816,    49.258,   -13.37,      0,   1
   -50.213,    45.919,   -11.49,      0,   1
   -59.102,    50.163,   -65.67,      0,   1
   -55.925,    47.282,   -75.55,      0,   1
   -50.381,    45.867,    -6.30,      0,   1
   -59.911,    48.619,   -67.35,      0,   1
   -57.117,    47.528,   -51.79,      0,   1
   -48.837,    46.590,   -21.53,      0,   1
   -59.315,    49.283,   -33.28,      0,   1
   -55.764,    42.408,   -26.55,      0,   1
   -55.419,    46.381,  -128.43,      0,   1
   -56.453,    47.538,   -65.67,      0,   1
   -56.330,    47.617,   -41.50,      0,   1
   -52.989,    43.667,   -22.52,      0,   1
   -59.499,    49.153,   -51.56,      0,   1
   -56.416,    46.817,   -21.67,      0,   1
   -50.516,    45.903,   -52.60,      0,   1
   -48.984,    46.330,   -29.07,      0,   1
   -51.376,    44.997,   -50.53,      0,   1
   -59.838,    49.322,   -43.01,      0,   1
   -57.877,    47.603,   -54.00,      0,   1
   -57.782,    47.600,   -49.92,      0,   1
   -60.753,    47.108,   -75.14,      0,   1
   -54.954,    47.235,    -1.53,      0,   1
   -55.416,    46.735,    -3.10,      0,   1
   -58.138,    45.195,   -53.09,      0,   1
   -52.866,    46.340,   -96.69,      0,   1
   -55.756,    46.387,   -58.04,      0,   1
   -48.860,    45.740,   -11.73,      0,   1
   -54.952,    47.183,   -42.03,      0,   1
   -51.209,    47.053,   -89.64,      0,   1
   -60.065,    49.391,   -95.54,      0,   1
   -57.823,    50.560,   -48.30,      0,   1
   -59.616,    45.657,  -102.24,      0,   1
   -59.147,    50.092,   -40.39,      0,   1
   -59.523,    45.522,   -29.83,      0,   1
   -57.718,    47.640,   -39.09,      0,   1
   -58.111,    47.514,   -91.06,      0,   1
   -54.847,    47.048,   -86.65,      0,   1
   -54.523,    47.240,   -22.46,      0,   1
   -54.947,    47.246,   -20.61,      0,   1
   -68.601,    41.398,   -41.04,      0,   1
   -62.494,    41.152,   -30.62,      0,   1
   -58.739,    41.860,   -28.17,      0,   1
   -67.776,    40.270,   -27.86,      0,   1
   -68.821,    41.296,   -18.26,      0,   1
   -61.385,    41.528,   -31.55,      0,   1
   -63.480,    40.139,  -139.24,      0,   1
   -60.225,    38.812,    -1.92,     -3,   1
   -69.467,    41.857,   -37.87,      0,   1
   -62.874,    40.855,   -11.50,      0,   1
   -65.528,    40.843,   -41.50,      0,   1
   -60.223,    38.813,    -0.44,     -3,   1
   -69.771,    41.859,   -31.49,      0,   1
   -69.501,    41.658,   -74.64,      0,   1
   -68.239,    41.712,   -26.62,      0,   1
   -65.523,    41.027,   -28.77,      0,   1
   -63.444,    40.327,   -81.53,      0,   1
   -63.511,    41.416,    -2.82,      0,   1
   -56.174,    42.093,   -31.93,      0,   1
   -67.083,    43.705,  -141.87,      0,   1
   -69.658,    41.353,    -7.06,      0,   1
   -63.050,    44.023,   -29.86,      0,   1
   -62.365,    39.491,    -8.11,      0,   1
   -68.819,    42.217,  -169.39,      0,   1
   -63.085,    39.625,   -43.21,      0,   1
   -62.230,    41.519,    -5.31,      0,   1
   -67.005,    42.083,   -19.09,      0,   1
   -68.452,    41.805,   -42.89,      0,   1
   -66.308,    41.022,    -7.91,      0,   1
   -65.922,    41.804,   -14.25,      0,   1
   -68.267,    41.520,   -33.04,      0,   1
   -68.315,    41.494,   -23.89,      0,   1
   -66.955,    42.671,   -14.45,      0,   1
   -63.889,    37.605,    -1.83,     -3,   1
   -62.462,    40.987,   -14.87,      0,   1
   -60.316,    39.713,   -50.81,      0,   1
   -69.774,    40.179,   -16.77,      0,   1
   -63.219,    40.816,   -34.19,      0,   1
   -69.865,    39.631,  -159.02,     -3,   1
   -65.343,    41.059,   -48.73,      0,   1
   -69.909,    39.713,    -5.19,     -3,   1
   -64.826,    40.611,   -33.09,      0,   1
   -69.249,    42.919,   -56.16,      0,   1
   -68.389,    41.782,   -81.42,      0,   1
   -68.848,    41.705,   -15.75,      0,   1
   -68.545,    42.091,    -5.50,      0,   1
   -69.372,    41.111,   -10.70,      0,   1
   -62.820,    39.892,   -16.29,      0,   1
   -67.209,    40.350,    -6.91,      0,   1
   -69.124,    41.458,   -81.83,      0,   1
   -63.312,    40.542,  -108.53,      0,   1
   -68.925,    41.231,   -28.33,      0,   1
   -63.414,    40.308,  -207.37,      0,   1
   -56.152,    41.515,   -40.91,      0,   1
   -66.360,    40.874,    -4.45,      0,   1
   -56.869,    41.134,   -24.54,      0,   1
   -62.933,    40.010,    -2.48,      0,   1
   -61.249,    46.519,   -18.11,      0,   1
   -63.378,    40.415,  -130.66,      0,   1
   -68.521,    41.733,   -65.38,      0,   1
   -64.591,    40.562,   -40.26,      0,   1
   -62.941,    40.323,   -19.99,      0,   1
   -62.820,    40.141,   -18.66,      0,   1
   -67.876,    42.258,  -140.00,      0,   1
   -62.566,    41.200,   -27.04,      0,   1
   -69.760,    41.362,    -9.09,      0,   1
   -62.889,    39.773,   -28.19,      0,   1
   -68.955,    41.216,   -38.96,      0,   1
   -64.758,    40.438,    -5.88,      0,   1
   -69.200,    42.474,   -87.81,      0,   1
   -63.260,    40.614,   -80.38,      0,   1
   -61.345,    41.353,   -20.13,      0,   1
   -59.867,    49.311,  -141.48,      0,   1
   -67.427,    39.805,   -24.83,      0,   1
   -56.973,    46.454,   -11.38,      0,   1
   -62.365,    41.247,   -18.77,      0,   1
   -60.113,    46.300,   -25.87,      0,   1
   -69.212,    42.170,  -129.29,      0,   1
   -61.196,    48.577,  -105.14,      0,   1
   -62.392,    41.200,   -26.17,      0,   1
   -60.359,    47.882,   -29.26,      0,   1
   -62.756,    40.970,   -32.14,      0,   1
   -59.879,    47.621,   -51.93,      0,   1
   -63.379,    39.864,   -95.97,      0,   1
   -60.117,    49.207,   -83.30,      0,   1
   -68.043,    41.456,   -41.98,      0,   1
   -60.039,    47.375,  -145.75,      0,   1
   -69.040,    41.818,  -101.76,      0,   1
   -59.914,    49.265,  -194.71,      0,   1
   -68.128,    41.812,  -108.62,      0,   1
   -59.788,    48.342,    -9.97,      0,   1
   -66.212,    41.250,   -17.97,      0,   1
   -59.885,    49.279,  -105.51,      0,   1
   -66.718,    41.105,   -20.33,      0,   1
   -64.827,    41.883,    -5.13,      0,   1
   -62.951,    40.649,   -17.45,      0,   1
   -66.273,    44.504,   -34.67,      0,   1
   -60.616,    42.135,   -43.13,      0,   1
   -66.281,    44.537,   -66.00,      0,   1
   -57.683,    46.765,   -25.20,      0,   1
   -59.832,    46.228,    -6.96,      0,   1
   -60.216,    46.412,   -12.07,      0,   1
   -61.932,    42.875,   -18.18,      0,   1
   -66.911,    41.399,   -37.14,      0,   1
   -66.332,    41.871,    -0.72,      0,   1
   -55.977,    42.169,   -14.13,      0,   1
   -64.588,    41.779,   -24.92,      0,   1
   -67.043,    43.511,  -136.22,      0,   1
   -59.994,    46.335,   -12.83,      0,   1
   -59.852,    48.866,  -187.92,      0,   1
   -59.809,    49.158,  -202.68,      0,   1
   -59.781,    47.617,  -137.87,      0,   1
   -60.822,    48.924,  -103.93,      0,   1
   -60.107,    48.506,   -44.42,      0,   1
   -59.776,    49.344,  -121.39,      0,   1
   -59.413,    48.846,  -127.08,      0,   1
   -61.111,    48.977,   -55.18,      0,   1
   -59.430,    46.994,    -7.96,      0,   1
   -59.055,    46.081,    -4.81,      0,   1
   -59.828,    48.536,  -216.56,      0,   1
   -59.155,    48.586,   -42.52,      0,   1
   -59.422,    49.405,  -147.90,      0,   1
   -59.537,    48.603,  -118.87,      0,   1
   -56.424,    47.073,    -1.54,      0,   1
   -60.314,    49.617,   -31.21,      0,   1
   -57.627,    50.723,   -67.07,      0,   1
   -58.882,    49.554,    -5.44,      0,   1
   -60.222,    47.753,   -60.02,      0,   1
   -59.564,    49.164,  -187.40,      0,   1
   -62.085,    48.907,   -82.51,      0,   1
   -59.913,    48.519,  -241.51,      0,   1
   -59.746,    49.230,   -70.71,      0,   1
   -59.446,    47.050,   -19.12,      0,   1
   -58.764,    50.224,  -159.01,      0,   1
   -59.326,    49.236,    -8.30,      0,   1
   -55.599,    47.298,   -51.78,      0,   1
   -58.889,    44.974,   -63.33,      0,   1
   -50.416,    43.932,   -46.31,      0,   1
   -49.558,    45.865,   -47.29,      0,   1
   -50.263,    46.786,   -47.28,      0,   1
   -55.025,    47.216,   -28.01,      0,   1
   -57.105,    44.007,    -5.02,      0,   1
   -48.422,    45.877,   -12.17,      0,   1
   -51.244,    43.620,   -62.15,      0,   1
   -54.564,    46.946,    -2.98,      0,   1
   -49.364,    46.191,   -16.35,      0,   1
   -55.947,    46.986,   -44.75,      0,   1
   -55.112,    46.964,   -56.86,      0,   1
   -48.948,    46.380,   -16.07,      0,   1
   -56.323,    47.614,   -39.51,      0,   1
   -59.634,    49.599,   -55.18,      0,   1
   -59.738,    49.327,  -103.69,      0,   1
   -59.381,    48.884,  -135.47,      0,   1
   -59.231,    46.902,    -4.19,      0,   1
   -59.621,    45.974,   -19.53,      0,   1
   -57.334,    47.444,   -88.96,      0,   1
   -58.620,    47.338,  -161.45,      0,   1
   -56.980,    44.611,   -15.68,      0,   1
   -54.160,    47.233,   -41.66,      0,   1
   -60.192,    46.771,   -34.64,      0,   1
   -60.955,    41.402,    -1.99,      0,   1
   -61.846,    45.976,   -19.45,      0,   1
   -57.224,    46.921,   -33.78,      0,   1
   -58.095,    46.672,   -14.53,      0,   1
   -57.882,    46.075,   -82.54,      0,   1
   -60.079,    47.334,   -55.98,      0,   1
   -60.251,    47.202,  -125.75,      0,   1
   -60.039,    47.319,  -209.50,      0,   1
   -61.749,    45.827,   -17.88,      0,   1
   -59.272,    43.956,   -25.19,      0,   1
   -53.463,    42.817,    -6.82,      0,   1
   -56.232,    45.466,   -19.31,      0,   1
   -51.511,    46.038,   -14.51,      0,   1
   -50.263,    45.627,   -66.53,      0,   1
   -50.366,    46.905,   -42.37,      0,   1
   -52.907,    45.911,   -13.53,      0,   1
   -58.095,    44.269,  -263.56,      0,   1
   -53.516,    45.775,   -82.96,      0,   1
   -53.239,    44.029,    -4.44,      0,   1
   -60.380,    47.160,   -32.67,      0,   1
   -51.817,    45.410,   -49.80,      0,   1
   -59.524,    45.731,   -75.55,      0,   1
   -52.119,    44.921,   -30.17,      0,   1
   -59.431,    48.576,  -100.24,      0,   1
   -51.033,    43.764,    -6.58,      0,   1
   -59.308,    45.961,   -24.87,      0,   1
   -49.611,    44.561,   -52.11,      0,   1
   -59.688,    49.579,   -81.54,      0,   1
   -51.059,    46.035,   -39.84,      0,   1
   -59.690,    49.381,  -122.66,      0,   1
   -58.275,    44.473,   -54.09,      0,   1
   -59.580,    48.902,   -53.60,      0,   1
   -56.527,    46.345,   -21.16,      0,   1
   -59.823,    49.301,   -30.02,      0,   1
   -50.658,    44.919,   -18.84,      0,   1
   -60.353,    47.953,   -32.13,      0,   1
   -54.321,    46.914,   -78.12,      0,   1
   -59.548,    48.540,  -133.38,      0,   1
   -51.829,    46.624,   -60.32,      0,   1
   -59.753,    49.320,  -100.17,      0,   1
   -49.025,    45.960,    -6.98,      0,   1
   -59.662,    49.182,   -10.76,      0,   1
   -50.322,    45.360,    -8.70,      0,   1
   -59.911,    48.710,  -236.59,      0,   1
   -51.307,    44.240,   -60.02,      0,   1
   -59.802,    48.917,   -50.07,      0,   1
   -53.930,    46.135,   -14.43,      0,   1
   -59.857,    49.286,   -19.21,      0,   1
   -50.608,    43.617,   -11.37,      0,   1
   -59.464,    48.418,  -115.30,      0,   1
   -56.187,    46.827,   -32.15,      0,   1
   -52.421,    42.685,    -6.75,      0,   1
   -59.604,    49.233,   -79.96,      0,   1
   -57.817,    47.309,  -139.43,      0,   1
   -53.740,    44.328,   -19.62,      0,   1
   -57.702,    47.538,   -73.89,      0,   1
   -57.416,    47.614,    -1.49,      0,   1
   -55.475,    46.251,  -131.53,      0,   1
   -57.910,    50.445,   -73.09,      0,   1
   -55.825,    47.511,   -23.69,      0,   1
   -58.133,    47.494,   -97.40,      0,   1
   -50.704,    47.059,   -80.11,      0,   1
   -59.641,    49.242,   -90.15,      0,   1
   -56.742,    47.512,   -73.83,      0,   1
   -56.978,    47.527,   -63.60,      0,   1
   -54.907,    46.253,   -51.26,      0,   1
   -53.790,    45.053,    -8.04,      0,   1
   -57.865,    50.338,  -101.33,      0,   1
   -54.764,    47.020,   -21.30,      0,   1
   -56.352,    47.630,   -15.65,      0,   1
   -60.103,    48.595,  -119.88,      0,   1
   -53.678,    45.901,    -1.56,      0,   1
   -55.862,    46.841,   -36.22,      0,   1
   -54.357,    46.191,    -7.03,      0,   1
   -50.957,    44.760,   -37.09,      0,   1
   -55.009,    45.337,   -27.17,      0,   1
   -54.210,    46.931,   -51.29,      0,   1
   -54.060,    44.950,  -176.45,      0,   1
   -55.914,    46.433,  -121.67,      0,   1
   -59.726,    47.264,   -20.92,      0,   1
   -59.355,    48.636,   -65.15,      0,   1
   -56.848,    51.165,   -22.99,      0,   1
   -59.871,    49.436,  -133.38,      0,   1
   -57.597,    47.372,    -5.30,      0,   1
   -57.704,    47.152,  -159.30,      0,   1
   -50.503,    45.699,   -15.72,      0,   1
   -55.182,    46.806,   -81.61,      0,   1
   -61.155,    43.345,   -11.45,      0,   1
   -67.139,    39.825,    -2.17,      0,   1
   -66.334,    42.090,   -73.53,      0,   1
   -62.709,    40.947,   -18.20,      0,   1
   -56.927,    41.617,    -4.83,      0,   1
   -69.215,    42.410,  -110.40,      0,   1
   -67.465,    41.069,   -21.13,      0,   1
   -66.972,    43.338,   -97.28,      0,   1
   -60.011,    47.371,  -284.36,      0,   1
   -67.181,    39.506,    -8.07,      0,   1
   -63.901,    41.894,   -22.76,      0,   1
   -64.915,    40.516,   -30.50,      0,   1
   -66.713,    42.713,   -41.44,      0,   1
   -63.138,    40.610,   -32.93,      0,   1
   -56.178,    42.168,   -24.93,      0,   1
   -55.521,    41.375,    -1.06,      0,   1
   -59.236,    42.122,    -4.38,      0,   1
   -67.376,    42.285,  -174.88,      0,   1
   -63.211,    42.013,    -3.17,      0,   1
   -66.597,    42.051,    -1.68,      0,   1
   -61.948,    42.517,   -30.39,      0,   1
   -69.425,    41.469,   -12.45,      0,   1
   -64.128,    41.854,   -21.52,      0,   1
   -67.491,    43.609,    -6.33,      0,   1
   -66.892,    41.581,   -27.50,      0,   1
   -67.856,    41.793,    -7.55,      0,   1
   -65.537,    42.104,    -2.20,      0,   1
   -63.907,    42.601,    -6.73,      0,   1
   -68.076,    42.332,    -4.49,      0,   1
   -62.678,    40.922,   -22.33,      0,   1
   -62.508,    38.062,    -6.76,     -3,   1
   -60.132,    40.441,    -1.02,      0,   1
   -60.342,    39.693,   -33.80,      0,   1
   -69.945,    40.394,    -0.50,      0,   1
   -57.397,    40.305,    -1.33,      0,   1
   -60.542,    45.132,    -8.78,      0,   1
   -60.202,    47.697,  -148.80,      0,   1
   -70.124,    42.043,    -9.26,      0,   1
   -59.619,    46.890,  -282.70,      0,   1
   -58.877,    44.907,   -33.10,      0,   1
   -63.236,    40.268,   -41.23,      0,   1
   -58.760,    45.282,   -36.81,      0,   1
   -59.816,    46.856,  -128.06,      0,   1
   -55.334,    41.612,    -8.55,      0,   1
   -60.136,    41.168,   -18.44,      0,   1
   -59.612,    45.914,   -57.17,      0,   1
   -62.315,    42.769,   -24.43,      0,   1
   -59.410,    45.887,   -63.88,      0,   1
   -59.494,    40.190,   -48.77,      0,   1
   -60.202,    47.696,  -147.36,      0,   1
   -59.272,    44.374,   -78.48,      0,   1
   -59.762,    45.982,    -9.47,      0,   1
   -60.148,    46.559,   -12.68,      0,   1
   -61.023,    45.108,    -0.71,      0,   1
   -61.002,    46.665,   -14.99,      0,   1
   -60.514,    47.861,    -0.79,      0,   1
   -60.168,    48.203,  -141.24,      0,   1
   -60.849,    48.179,   -41.14,      0,   1
   -60.190,    47.515,  -101.35,      0,   1
   -60.600,    47.815,   -75.55,      0,   1
   -60.219,    47.404,  -122.37,      0,   1
   -60.112,    47.555,   -87.24,      0,   1
   -57.958,    44.485,    -3.67,      0,   1
   -56.940,    46.923,    -3.63,      0,   1
   -60.329,    47.647,   -72.44,      0,   1
   -59.299,    45.862,   -16.47,      0,   1
   -60.426,    47.607,  -100.19,      0,   1
   -58.412,    50.851,   -50.91,      0,   1
   -59.136,    50.000,  -165.11,      0,   1
   -59.801,    49.227,  -188.29,      0,   1
   -58.945,    45.442,   -14.39,      0,   1
   -60.970,    47.157,   -47.67,      0,   1
   -60.233,    46.566,   -31.08,      0,   1
   -58.958,    50.178,  -119.91,      0,   1
   -60.630,    47.301,   -82.50,      0,   1
   -59.947,    47.277,  -106.33,      0,   1
   -58.898,    49.516,  -107.41,      0,   1
   -63.639,    41.274,   -13.37,      0,   1
   -67.067,    41.874,    -2.76,      0,   1
   -65.372,    44.935,   -22.02,      0,   1
   -66.488,    44.287,   -18.70,      0,   1
   -66.084,    44.582,   -19.83,      0,   1
   -59.332,    48.390,   -84.11,      0,   1
   -60.461,    47.118,   -34.01,      0,   1
   -59.684,    49.360,  -114.12,      0,   1
   -61.826,    48.903,   -74.49,      0,   1
   -60.572,    49.738,   -26.27,      0,   1
   -59.547,    48.587,  -130.71,      0,   1
   -59.969,    48.906,  -171.56,      0,   1
   -59.704,    45.844,   -51.95,      0,   1
   -59.689,    49.377,   -18.84,      0,   1
   -59.056,    48.468,    -2.69,      0,   1
   -59.908,    47.460,  -146.74,      0,   1
   -61.278,    48.941,   -54.03,      0,   1
   -57.929,    46.902,   -25.51,      0,   1
   -60.428,    47.923,   -50.38,      0,   1
   -59.892,    49.330,  -121.28,      0,   1
   -58.357,    46.550,    -3.28,      0,   1
   -59.937,    48.133,    -5.17,      0,   1
   -60.107,    48.256,   -88.43,      0,   1
   -58.051,    50.355,   -30.70,      0,   1
   -59.552,    49.059,   -68.86,      0,   1
   -57.340,    46.717,    -7.06,      0,   1
   -59.706,    49.297,  -130.93,      0,   1
   -57.862,    47.172,   -76.35,      0,   1
   -56.016,    47.524,   -49.47,      0,   1
   -59.698,    47.239,   -50.10,      0,   1
   -56.069,    46.800,   -59.68,      0,   1
   -54.933,    46.852,   -17.90,      0,   1
   -55.119,    47.042,   -31.64,      0,   1
   -54.921,    47.209,   -41.55,      0,   1
   -55.305,    46.803,   -64.06,      0,   1
   -54.158,    47.074,   -31.08,      0,   1
   -54.576,    46.928,    -5.53,      0,   1
   -55.138,    46.850,   -77.08,      0,   1
   -53.723,    46.946,    -5.47,      0,   1
   -55.871,    46.648,   -94.95,      0,   1
   -51.258,    46.789,   -75.76,      0,   1
   -55.512,    46.335,  -141.35,      0,   1
   -57.935,    47.650,   -35.86,      0,   1
   -59.980,    48.436,  -264.92,      0,   1
   -60.597,    47.708,   -31.11,      0,   1
   -59.137,    49.556,   -42.45,      0,   1
   -59.159,    46.796,    -2.95,      0,   1
   -58.072,    50.349,   -32.16,      0,   1
   -56.144,    47.055,   -70.58,      0,   1
   -57.025,    47.558,   -17.57,      0,   1
   -56.679,    46.109,   -58.85,      0,   1
   -62.538,    43.144,   -51.74,      0,   1
   -57.896,    46.986,  -156.68,      0,   1
   -54.214,    42.487,    -2.76,      0,   1
   -62.234,    42.911,   -15.46,      0,   1
   -57.245,    46.364,  -123.68,      0,   1
   -57.108,    45.178,  -353.76,      0,   1
   -51.251,    44.699,   -40.12,      0,   1
   -50.520,    46.781,   -52.87,      0,   1
   -59.833,    44.087,   -61.55,      0,   1
   -53.977,    46.253,   -23.86,      0,   1
   -49.068,    44.017,    -4.46,      0,   1
   -60.733,    45.380,   -17.94,      0,   1
   -49.596,    45.012,   -12.36,      0,   1
   -59.748,    47.442,  -123.40,      0,   1
   -51.762,    46.485,   -24.67,      0,   1
   -59.838,    47.389,  -199.70,      0,   1
   -52.363,    44.942,   -71.27,      0,   1
   -60.619,    47.707,   -26.48,      0,   1
   -51.824,    44.736,   -59.15,      0,   1
   -59.615,    49.298,   -59.52,      0,   1
   -54.910,    45.214,  -131.63,      0,   1
   -59.854,    49.456,   -27.11,      0,   1
   -56.306,    47.180,   -43.44,      0,   1
   -59.861,    48.798,   -35.27,      0,   1
   -50.757,    45.868,   -72.12,      0,   1
   -60.146,    48.597,  -226.54,      0,   1
   -57.730,    46.502,   -62.93,      0,   1
   -59.736,    49.364,  -133.75,      0,   1
   -53.822,    46.092,    -4.01,      0,   1
   -59.951,    48.281,   -24.65,      0,   1
   -53.258,    44.783,   -89.98,      0,   1
   -59.974,    48.428,  -264.14,      0,   1
   -52.934,    45.341,    -8.75,      0,   1
   -59.917,    49.237,   -27.83,      0,   1
   -55.367,    45.899,  -102.70,      0,   1
   -59.844,    49.431,   -28.64,      0,   1
   -52.202,    46.045,   -59.54,      0,   1
   -59.760,    49.389,  -146.72,      0,   1
   -53.778,    46.152,    -1.93,      0,   1
   -57.611,    50.637,   -76.88,      0,   1
   -50.685,    44.780,   -14.24,      0,   1
   -60.273,    48.173,   -43.98,      0,   1
   -49.914,    46.710,   -33.02,      0,   1
   -59.813,    49.400,  -130.38,      0,   1
   -58.756,    46.843,   -32.33,      0,   1
   -50.771,    46.792,   -60.11,      0,   1
   -57.714,    50.350,   -69.83,      0,   1
   -54.732,    47.082,   -94.47,      0,   1
   -49.814,    47.532,   -43.64,      0,   1
   -55.205,    44.289,   -13.84,      0,   1
   -57.734,    47.628,   -38.51,      0,   1
   -55.618,    46.572,  -106.64,      0,   1
   -59.776,    49.548,   -44.63,      0,   1
   -57.660,    47.581,   -48.75,      0,   1
   -57.992,    47.523,   -89.68,      0,   1
   -51.217,    47.085,   -66.25,      0,   1
   -59.716,    49.360,  -152.32,      0,   1
   -55.262,    46.026,  -130.52,      0,   1
   -57.112,    47.409,  -114.65,      0,   1
   -55.223,    46.985,   -30.15,      0,   1
   -52.219,    46.414,   -58.72,      0,   1
   -59.708,    49.303,  -110.35,      0,   1
   -56.258,    47.367,   -58.78,      0,   1
   -60.404,    47.727,   -48.93,      0,   1
   -55.117,    46.844,   -84.13,      0,   1
   -57.039,    46.334,   -56.00,      0,   1
   -55.560,    46.697,   -84.48,      0,   1
   -55.244,    45.927,    -2.52,      0,   1
   -54.942,    47.189,   -43.75,      0,   1
   -54.861,    47.193,   -50.93,      0,   1
   -50.548,    45.354,   -11.04,      0,   1
   -53.813,    44.736,  -295.69,      0,   1
   -59.198,    49.665,   -37.80,      0,   1
   -57.984,    47.090,   -14.63,      0,   1
   -59.805,    47.324,  -183.78,      0,   1
   -59.835,    49.385,  -132.50,      0,   1
   -57.851,    47.419,  -116.63,      0,   1
   -58.049,    47.559,   -70.36,      0,   1
   -54.931,    47.210,   -40.20,      0,   1
   -62.947,    39.459,  -141.97,      0,   1
   -60.411,    41.263,   -22.62,      0,   1
   -66.427,    41.498,   -15.60,      0,   1
   -64.205,    40.646,   -15.89,      0,   1
   -62.817,    41.071,    -6.34,      0,   1
   -62.892,    40.153,   -31.07,      0,   1
   -65.562,    40.967,   -41.27,      0,   1
   -69.109,    41.135,   -20.55,      0,   1
   -68.500,    42.762,   -80.62,      0,   1
   -55.365,    41.090,   -72.15,      0,   1
   -65.478,    41.043,   -58.08,      0,   1
   -68.932,    41.738,  -114.58,      0,   1
   -65.436,    41.801,   -10.34,      0,   1
   -63.731,    41.229,   -11.04,      0,   1
   -67.383,    43.146,  -178.79,      0,   1
   -63.415,    40.376,  -103.02,      0,   1
   -62.972,    42.679,    -6.96,      0,   1
   -62.970,    42.091,    -4.41,      0,   1
   -63.925,    43.711,   -35.07,      0,   1
   -56.301,    42.392,   -19.43,      0,   1
   -65.420,    40.772,   -55.48,      0,   1
   -69.833,    42.764,    -3.48,      0,   1
   -66.546,    41.222,   -15.42,      0,   1
   -60.259,    39.903,   -35.37,      0,   1
   -63.353,    40.495,  -102.15,      0,   1
   -69.486,    42.487,    -3.32,      0,   1
   -66.725,    43.736,   -68.64,      0,   1
   -68.704,    41.730,   -41.44,      0,   1
   -67.617,    41.370,   -29.20,      0,   1
   -67.905,    42.817,   -11.03,      0,   1
   -67.173,    43.519,   -77.05,      0,   1
   -69.365,    42.101,    -6.10,      0,   1
   -67.495,    43.440,    -7.01,      0,   1
   -65.095,    41.128,   -68.69,      0,   1
   -59.583,    41.248,    -6.30,      0,   1
   -63.176,    37.841,    -1.39,     -3,   1
   -55.807,    40.242,    -4.05,     -3,   1
   -63.058,    37.880,    -0.42,     -3,   1
   -63.824,    37.626,    -2.21,     -3,   1
   -68.948,    41.200,   -26.39,      0,   1
   -64.764,    40.580,   -65.50,      0,   1
   -69.630,    41.798,   -72.28,      0,   1
   -67.159,    40.809,    -2.79,      0,   1
   -68.416,    41.542,   -52.61,      0,   1
   -68.691,    41.139,    -4.08,      0,   1
   -67.057,    42.499,  -241.08,      0,   1
   -69.051,    41.290,   -54.16,      0,   1
   -56.606,    41.732,   -17.53,      0,   1
   -68.923,    40.579,   -22.47,      0,   1
   -69.014,    40.864,    -1.51,      0,   1
   -63.141,    40.981,   -40.64,      0,   1
   -69.396,    41.776,   -39.78,      0,   1
   -63.987,    37.572,    -2.86,     -3,   1
   -65.298,    40.635,   -40.29,      0,   1
   -62.794,    39.733,   -17.58,      0,   1
   -63.280,    40.580,   -89.89,      0,   1
   -68.856,    41.684,   -17.25,      0,   1
   -60.382,    47.162,  -110.00,      0,   1
   -68.437,    41.513,   -50.76,      0,   1
   -60.232,    42.934,   -25.01,      0,   1
   -55.311,    41.601,    -1.07,      0,   1
   -56.437,    41.825,   -18.35,      0,   1
   -55.704,    41.983,   -20.42,      0,   1
   -63.147,    40.745,   -69.27,      0,   1
   -67.447,    43.403,    -2.41,      0,   1
   -69.173,    41.511,   -68.96,      0,   1
   -68.883,    41.826,  -122.56,      0,   1
   -62.252,    41.105,   -14.81,      0,   1
   -62.719,    41.023,   -18.88,      0,   1
   -63.098,    40.350,   -12.68,      0,   1
   -67.205,    42.833,  -174.17,      0,   1
   -61.254,    39.513,    -3.79,      0,   1
   -60.210,    49.078,  -121.33,      0,   1
   -67.248,    43.355,  -107.10,      0,   1
   -56.546,    47.089,   -90.69,      0,   1
   -62.598,    40.815,    -2.39,      0,   1
   -60.409,    47.733,  -231.25,      0,   1
   -65.485,    40.933,   -31.27,      0,   1
   -59.253,    45.035,   -52.83,      0,   1
   -62.663,    41.070,   -25.40,      0,   1
   -59.847,    47.869,  -343.90,      0,   1
   -62.828,    40.853,   -37.70,      0,   1
   -59.941,    48.845,  -101.13,      0,   1
   -69.020,    41.274,   -51.54,      0,   1
   -60.142,    48.071,   -65.58,      0,   1
   -69.586,    42.142,  -133.67,      0,   1
   -57.516,    46.721,    -4.83,      0,   1
   -67.068,    43.414,   -96.65,      0,   1
   -59.836,    49.243,   -24.27,      0,   1
   -63.227,    40.635,   -71.75,      0,   1
   -60.010,    49.218,  -197.67,      0,   1
   -67.397,    39.930,   -29.24,      0,   1
   -60.700,    47.307,   -13.76,      0,   1
   -67.003,    40.718,   -11.59,      0,   1
   -60.263,    46.424,    -7.16,      0,   1
   -58.397,    44.931,   -22.72,      0,   1
   -59.055,    46.621,   -12.95,      0,   1
   -65.676,    41.620,   -14.10,      0,   1
   -64.168,    41.750,   -26.33,      0,   1
   -68.055,    44.057,   -16.69,      0,   1
   -66.009,    43.111,   -14.12,      0,   1
   -66.123,    43.187,   -11.36,      0,   1
   -59.733,    45.989,   -31.93,      0,   1
   -60.768,    47.218,   -59.06,      0,   1
   -62.136,    43.550,   -61.04,      0,   1
   -58.199,    41.623,    -0.36,      0,   1
   -67.471,    43.043,   -20.55,      0,   1
   -66.283,    44.617,   -69.62,      0,   1
   -66.603,    42.974,    -7.72,      0,   1
   -59.936,    49.360,  -133.26,      0,   1
   -61.838,    47.043,   -33.16,      0,   1
   -58.884,    49.972,  -192.69,      0,   1
   -59.448,    48.701,  -112.01,      0,   1
   -59.441,    46.387,   -65.90,      0,   1
   -59.871,    49.325,   -61.45,      0,   1
   -58.134,    50.250,  -138.83,      0,   1
   -59.897,    48.793,  -180.89,      0,   1
   -59.860,    47.530,  -130.68,      0,   1
   -59.636,    49.262,   -60.37,      0,   1
   -59.407,    48.388,  -102.89,      0,   1
   -59.947,    48.873,   -52.19,      0,   1
   -59.729,    49.340,  -135.34,      0,   1
   -59.704,    49.265,  -102.29,      0,   1
   -58.279,    47.492,   -17.30,      0,   1
   -61.111,    48.908,   -86.12,      0,   1
   -60.132,    46.441,   -28.44,      0,   1
   -59.949,    48.795,   -16.39,      0,   1
   -60.185,    47.856,   -54.40,      0,   1
   -59.146,    48.574,   -30.84,      0,   1
   -59.180,    49.478,  -140.98,      0,   1
   -59.545,    49.112,   -88.25,      0,   1
   -59.980,    47.549,  -181.35,      0,   1
   -59.495,    49.452,  -126.45,      0,   1
   -59.858,    49.413,  -143.16,      0,   1
   -58.179,    50.389,   -61.70,      0,   1
   -57.920,    46.762,   -23.50,      0,   1
   -59.620,    49.581,  -148.00,      0,   1
   -56.039,    47.531,   -51.40,      0,   1
   -59.289,    46.874,    -3.28,      0,   1
   -54.543,    47.096,  -102.32,      0,   1
   -55.174,    46.860,   -69.06,      0,   1
   -54.860,    47.226,   -41.85,      0,   1
   -55.510,    46.645,   -98.33,      0,   1
   -55.407,    46.794,   -58.43,      0,   1
   -53.442,    46.588,   -23.87,      0,   1
   -55.475,    46.238,   -79.55,      0,   1
   -55.453,    46.378,  -117.49,      0,   1
   -55.103,    44.151,   -22.68,      0,   1
   -55.924,    46.377,  -122.68,      0,   1
   -51.600,    45.735,   -12.24,      0,   1
   -54.946,    47.178,   -42.35,      0,   1
   -58.065,    47.642,   -34.24,      0,   1
   -59.755,    49.667,   -76.56,      0,   1
   -59.537,    49.375,   -25.59,      0,   1
   -58.109,    50.414,  -158.11,      0,   1
   -59.671,    49.175,  -160.42,      0,   1
   -56.522,    47.479,   -10.04,      0,   1
   -51.871,    45.377,   -12.68,      0,   1
   -56.688,    47.334,   -76.20,      0,   1
   -62.182,    45.974,    -4.40,      0,   1
   -57.860,    41.719,   -19.65,      0,   1
   -60.956,    45.467,   -17.86,      0,   1
   -60.250,    46.604,    -9.36,      0,   1
   -60.042,    47.006,  -193.98,      0,   1
   -62.180,    41.184,    -8.92,      0,   1
   -60.450,    47.164,   -68.04,      0,   1
   -59.275,    44.999,   -26.62,      0,   1
   -59.790,    47.049,  -193.76,      0,   1
   -61.551,    46.128,   -19.13,      0,   1
   -60.138,    47.316,  -172.26,      0,   1
   -55.941,    46.984,   -31.37,      0,   1
   -59.969,    43.847,   -36.91,      0,   1
   -56.558,    46.588,   -18.93,      0,   1
   -55.824,    46.375,  -105.33,      0,   1
   -50.878,    46.972,   -60.46,      0,   1
   -54.202,    47.152,   -51.00,      0,   1
   -50.652,    46.219,   -72.21,      0,   1
   -55.122,    45.268,   -71.74,      0,   1
   -52.213,    44.512,   -52.13,      0,   1
   -51.693,    43.527,    -6.78,      0,   1
   -60.778,    42.313,    -5.80,      0,   1
   -59.894,    49.346,  -154.57,      0,   1
   -57.429,    44.687,  -167.79,      0,   1
   -59.858,    46.566,   -26.77,      0,   1
   -49.521,    43.646,    -4.35,      0,   1
   -59.383,    47.088,   -26.17,      0,   1
   -60.484,    43.624,  -131.14,      0,   1
   -59.195,    48.140,   -45.25,      0,   1
   -50.965,    44.753,   -37.85,      0,   1
   -59.700,    48.743,   -18.35,      0,   1
   -50.096,    45.515,   -48.25,      0,   1
   -59.675,    48.479,  -103.00,      0,   1
   -59.482,    44.411,   -35.99,      0,   1
   -59.693,    49.286,   -89.23,      0,   1
   -50.313,    45.335,   -34.41,      0,   1
   -59.727,    49.271,   -97.64,      0,   1
   -50.791,    43.941,   -40.89,      0,   1
   -60.093,    48.459,    -8.79,      0,   1
   -54.280,    44.799,   -60.02,      0,   1
   -59.620,    48.373,  -100.55,      0,   1
   -51.884,    44.750,   -21.40,      0,   1
   -59.718,    49.329,  -101.25,      0,   1
   -50.711,    46.720,   -71.63,      0,   1
   -59.737,    49.352,  -131.45,      0,   1
   -49.989,    44.194,   -40.24,      0,   1
   -59.760,    49.315,   -15.30,      0,   1
   -49.560,    44.601,   -54.24,      0,   1
   -59.712,    49.208,  -159.40,      0,   1
   -50.028,    46.587,   -29.41,      0,   1
   -59.861,    49.399,  -113.29,      0,   1
   -53.614,    46.509,   -11.27,      0,   1
   -59.817,    48.001,  -256.09,      0,   1
   -60.070,    43.665,   -45.34,      0,   1
   -59.229,    48.675,   -59.31,      0,   1
   -53.489,    43.831,   -66.78,      0,   1
   -50.030,    46.931,   -48.89,      0,   1
   -55.814,    47.478,   -32.06,      0,   1
   -56.103,    46.811,    -2.04,      0,   1
   -55.180,    46.941,   -50.40,      0,   1
   -59.643,    49.201,   -91.98,      0,   1
   -55.629,    47.270,    -5.45,      0,   1
   -57.859,    47.193,  -159.57,      0,   1
   -54.153,    45.248,    -6.99,      0,   1
   -57.728,    50.381,   -89.10,      0,   1
   -57.846,    47.462,   -79.90,      0,   1
   -58.910,    47.424,  -110.52,      0,   1
   -55.817,    46.460,  -122.72,      0,   1
   -59.720,    49.266,   -32.17,      0,   1
   -56.254,    46.661,    -8.87,      0,   1
   -55.325,    46.239,  -144.42,      0,   1
   -54.475,    46.450,   -30.77,      0,   1
   -59.279,    48.710,   -73.73,      0,   1
   -58.499,    47.319,  -171.52,      0,   1
   -53.491,    42.944,    -5.11,      0,   1
   -56.034,    44.618,   -18.05,      0,   1
   -55.121,    47.033,   -34.88,      0,   1
   -54.192,    46.953,   -42.62,      0,   1
   -54.930,    47.226,   -32.12,      0,   1
   -55.484,    46.301,  -138.66,      0,   1
   -50.235,    46.447,   -23.51,      0,   1
   -54.175,    47.084,   -46.61,      0,   1
   -55.407,    46.255,  -138.99,      0,   1
   -59.653,    49.624,   -52.18,      0,   1
   -59.613,    49.354,   -93.01,      0,   1
   -59.470,    49.236,   -48.49,      0,   1
   -59.441,    49.964,   -27.93,      0,   1
   -57.158,    47.354,  -137.47,      0,   1
   -58.077,    47.415,  -143.78,      0,   1
   -57.791,    47.246,   -80.76,      0,   1
   -58.365,    44.928,   -26.97,      0,   1
   -68.484,    41.758,   -28.17,      0,   1
   -62.889,    40.175,   -29.28,      0,   1
   -65.350,    41.060,   -51.90,      0,   1
   -63.043,    40.509,   -14.06,      0,   1
   -62.862,    41.212,   -12.76,      0,   1
   -67.381,    42.280,    -0.64,      0,   1
   -69.612,    41.529,   -40.66,      0,   1
   -68.465,    41.483,   -58.35,      0,   1
   -63.285,    40.589,   -89.43,      0,   1
   -66.850,    43.157,   -14.88,      0,   1
   -62.858,    39.799,   -27.81,      0,   1
   -61.731,    39.591,   -15.03,      0,   1
   -60.572,    42.316,   -13.46,      0,   1
   -66.281,    41.275,    -0.76,      0,   1
   -62.623,    43.863,   -18.29,      0,   1
   -69.010,    41.064,    -1.33,      0,   1
   -68.572,    42.604,   -67.62,      0,   1
   -69.339,    43.454,   -18.26,      0,   1
   -66.763,    44.052,   -23.03,      0,   1
   -66.509,    43.656,   -28.75,      0,   1
   -69.321,    42.473,  -113.87,      0,   1
   -64.957,    41.237,    -3.43,      0,   1
   -67.112,    43.168,  -135.43,      0,   1
   -69.068,    41.995,    -0.70,      0,   1
   -69.265,    40.894,   -30.65,      0,   1
   -66.666,    43.744,   -30.93,      0,   1
   -66.251,    41.431,   -15.33,      0,   1
   -57.778,    40.418,    -3.56,      0,   1
   -55.809,    42.393,    -9.84,      0,   1
   -69.940,    39.771,   -40.73,     -3,   1
   -60.771,    39.584,   -17.46,      0,   1
   -67.680,    40.587,   -51.78,      0,   1
   -63.367,    40.508,  -189.35,      0,   1
   -60.112,    47.246,  -160.40,      0,   1
   -60.370,    47.153,   -89.63,      0,   1
   -69.107,    39.907,   -95.06,      0,   1
   -55.961,    42.632,   -42.88,      0,   1
   -57.289,    45.151,   -88.93,      0,   1
   -69.703,    42.160,    -8.63,      0,   1
   -58.071,    45.303,    -8.00,      0,   1
   -62.770,    42.658,   -16.23,      0,   1
   -58.362,    45.062,   -21.91,      0,   1
   -56.202,    40.115,    -2.39,     -3,   1
   -60.580,    44.919,    -4.92,      0,   1
   -58.214,    45.342,   -26.43,      0,   1
   -53.804,    41.848,   -24.96,      0,   1
   -63.829,    37.625,     0.56,     -3,   1
   -58.107,    46.560,    -4.45,      0,   1
   -59.808,    45.914,   -29.95,      0,   1
   -57.926,    44.433,    -5.88,      0,   1
   -61.822,    46.026,   -11.60,      0,   1
   -60.118,    47.462,   -83.54,      0,   1
   -61.530,    46.611,   -21.30,      0,   1
   -61.279,    48.142,   -74.72,      0,   1
   -60.930,    47.874,   -17.89,      0,   1
   -49.537,    44.769,    -1.04,      0,   1
   -56.983,    47.423,   -13.98,      0,   1
   -61.241,    48.263,   -54.40,      0,   1
   -62.685,    42.713,   -28.62,      0,   1
   -57.916,    47.381,   -31.61,      0,   1
   -60.913,    48.055,   -44.23,      0,   1
   -60.070,    49.248,  -129.88,      0,   1
   -60.699,    45.336,   -53.95,      0,   1
   -59.343,    46.886,   -26.37,      0,   1
   -59.861,    46.956,   -84.08,      0,   1
   -60.109,    46.324,   -22.03,      0,   1
   -59.983,    47.561,   -16.19,      0,   1
   -59.978,    48.694,   -53.02,      0,   1
   -60.523,    47.700,   -81.23,      0,   1
   -57.205,    50.954,    -7.37,      0,   1
   -57.220,    45.222,   -47.38,      0,   1
   -58.952,    44.772,   -49.10,      0,   1
   -56.393,    43.523,   -28.44,      0,   1
   -49.131,    45.065,   -13.73,      0,   1
   -60.352,    47.316,  -100.97,      0,   1
   -59.890,    48.143,  -294.67,      0,   1
   -64.148,    41.372,   -39.49,      0,   1
   -63.025,    40.729,   -30.42,      0,   1
   -66.090,    43.057,   -19.19,      0,   1
   -67.458,    42.361,  -152.44,      0,   1
   -59.387,    49.100,   -13.94,      0,   1
   -59.949,    48.412,   -31.47,      0,   1
   -58.955,    48.200,   -29.33,      0,   1
   -60.983,    47.539,    -4.75,      0,   1
   -59.783,    48.818,  -168.69,      0,   1
   -59.765,    46.477,   -19.90,      0,   1
   -59.474,    49.325,  -195.53,      0,   1
   -60.646,    47.589,   -12.01,      0,   1
   -59.225,    48.530,   -53.98,      0,   1
   -59.731,    49.201,  -198.13,      0,   1
   -59.661,    49.137,   -93.22,      0,   1
   -57.978,    46.688,    -6.22,      0,   1
   -59.369,    48.382,   -94.78,      0,   1
   -59.612,    49.161,  -176.73,      0,   1
   -59.599,    49.136,   -92.63,      0,   1
   -61.023,    48.145,   -30.81,      0,   1
   -59.593,    48.320,   -41.69,      0,   1
   -59.728,    49.090,   -25.47,      0,   1
   -58.454,    46.900,   -19.60,      0,   1
   -59.993,    47.336,  -148.31,      0,   1
   -59.577,    49.205,   -70.19,      0,   1
   -59.595,    49.246,   -82.27,      0,   1
   -59.518,    46.519,   -20.23,      0,   1
   -59.931,    49.211,   -81.76,      0,   1
   -59.285,    45.892,   -21.54,      0,   1
   -55.701,    47.121,   -18.58,      0,   1
   -55.178,    42.686,   -18.09,      0,   1
   -56.814,    46.058,   -32.58,      0,   1
   -54.087,    44.666,    -0.50,      0,   1
   -50.652,    45.793,   -11.89,      0,   1
   -52.632,    43.326,   -29.71,      0,   1
   -49.567,    46.559,   -26.99,      0,   1
   -55.943,    46.639,   -99.33,      0,   1
   -56.098,    46.448,  -114.39,      0,   1
   -55.452,    46.320,   -79.93,      0,   1
   -55.304,    45.955,  -121.77,      0,   1
   -55.857,    46.610,  -103.37,      0,   1
   -54.073,    46.026,   -44.61,      0,   1
   -54.198,    45.754,   -34.30,      0,   1
   -55.643,    47.254,   -56.41,      0,   1
   -59.664,    49.470,   -83.96,      0,   1
   -60.985,    48.833,   -94.86,      0,   1
   -59.667,    49.264,   -82.64,      0,   1
   -56.263,    47.628,   -39.80,      0,   1
   -56.496,    47.441,   -85.06,      0,   1
   -60.321,    47.865,  -320.80,      0,   1
   -58.655,    44.761,   -22.38,      0,   1
   -61.159,    47.369,   -36.28,      0,   1
   -61.204,    47.309,    -4.03,      0,   1
   -57.858,    46.239,   -18.43,      0,   1
   -61.450,    47.071,   -40.64,      0,   1
   -51.703,    45.981,    -7.84,      0,   1
   -61.592,    42.983,   -13.63,      0,   1
   -54.469,    46.897,  -124.37,      0,   1
   -56.447,    45.727,   -76.01,      0,   1
   -48.457,    47.173,   -35.25,      0,   1
   -62.984,    42.665,   -14.55,      0,   1
   -54.412,    47.038,  -104.95,      0,   1
   -51.214,    44.650,   -37.97,      0,   1
   -50.538,    44.416,   -33.31,      0,   1
   -50.754,    45.463,   -58.54,      0,   1
   -50.871,    46.067,   -69.58,      0,   1
   -59.694,    45.845,   -41.60,      0,   1
   -50.662,    45.266,   -38.65,      0,   1
   -59.762,    49.316,  -215.00,      0,   1
   -51.817,    46.601,   -76.41,      0,   1
   -59.939,    46.215,    -6.24,      0,   1
   -52.017,    45.687,   -17.93,      0,   1
   -59.821,    49.377,  -116.78,      0,   1
   -53.032,    44.812,   -81.77,      0,   1
   -59.619,    45.898,   -12.87,      0,   1
   -51.579,    45.790,   -13.77,      0,   1
   -59.693,    49.519,   -98.29,      0,   1
   -49.586,    46.230,   -29.08,      0,   1
   -59.589,    49.316,   -80.85,      0,   1
   -53.147,    44.071,    -6.48,      0,   1
   -59.810,    49.313,   -95.37,      0,   1
   -53.962,    45.698,   -76.73,      0,   1
   -59.691,    49.271,   -79.66,      0,   1
   -50.426,    46.113,   -54.65,      0,   1
   -59.725,    49.324,  -108.36,      0,   1
   -54.457,    46.812,  -120.19,      0,   1
   -59.561,    48.815,    -4.68,      0,   1
   -51.994,    46.367,   -40.50,      0,   1
   -59.210,    45.975,   -35.72,      0,   1
   -49.434,    45.729,   -26.38,      0,   1
   -59.436,    49.488,   -97.34,      0,   1
   -56.062,    45.358,    -7.31,      0,   1
   -59.672,    49.237,   -91.72,      0,   1
   -53.233,    44.921,   -19.98,      0,   1
   -59.648,    49.305,  -104.49,      0,   1
   -53.607,    46.309,    -5.35,      0,   1
   -59.851,    49.325,   -67.95,      0,   1
   -50.678,    45.939,   -30.36,      0,   1
   -59.708,    49.163,  -172.35,      0,   1
   -59.499,    44.617,   -43.51,      0,   1
   -57.186,    47.582,   -30.65,      0,   1
   -51.616,    43.556,   -10.93,      0,   1
   -55.441,    47.270,   -19.78,      0,   1
   -56.294,    47.635,   -31.15,      0,   1
   -51.071,    46.945,   -89.38,      0,   1
   -59.195,    49.392,  -172.82,      0,   1
   -56.293,    47.577,   -50.87,      0,   1
   -56.192,    47.595,   -51.06,      0,   1
   -50.703,    46.930,   -81.01,      0,   1
   -59.522,    49.175,   -47.07,      0,   1
   -58.091,    47.579,   -63.57,      0,   1
   -55.463,    46.891,   -38.28,      0,   1
   -59.717,    49.701,   -69.73,      0,   1
   -58.832,    47.397,   -94.05,      0,   1
   -55.471,    46.241,   -99.23,      0,   1
   -55.370,    46.239,  -139.25,      0,   1
   -60.117,    49.330,   -72.10,      0,   1
   -54.050,    47.118,    -9.68,      0,   1
   -56.424,    47.017,    -7.76,      0,   1
   -56.325,    46.667,   -52.71,      0,   1
   -55.034,    47.109,   -44.81,      0,   1
   -55.024,    47.119,   -44.34,      0,   1
   -55.553,    46.354,  -138.20,      0,   1
   -55.854,    46.439,  -123.88,      0,   1
   -54.989,    47.189,   -38.87,      0,   1
   -56.136,    46.662,   -74.57,      0,   1
   -55.319,    46.225,  -144.08,      0,   1
   -57.920,    50.378,   -36.68,      0,   1
   -59.973,    49.269,   -82.24,      0,   1
   -59.341,    48.201,   -26.26,      0,   1
   -59.726,    49.303,   -53.95,      0,   1
   -56.250,    47.214,   -22.21,      0,   1
   -57.585,    44.552,   -29.25,      0,   1
   -54.834,    47.294,    -6.69,      0,   1
   -62.344,    41.311,   -28.76,      0,   1
   -64.757,    40.481,   -55.53,      0,   1
   -64.661,    40.504,   -34.43,      0,   1
   -62.509,    40.669,   -25.34,      0,   1
   -60.641,    39.331,   -10.50,      0,   1
   -69.423,    41.426,   -32.17,      0,   1
   -62.064,    39.537,   -10.73,      0,   1
   -67.311,    39.603,   -14.17,      0,   1
   -63.400,    40.371,  -106.13,      0,   1
   -67.569,    43.260,    -1.82,      0,   1
   -67.168,    41.110,    -2.10,      0,   1
   -67.401,    42.240,  -143.42,      0,   1
   -64.162,    41.168,   -12.86,      0,   1
   -64.113,    41.127,   -15.25,      0,   1
   -55.149,    41.145,   -14.95,      0,   1
   -64.695,    40.519,   -12.21,      0,   1
   -59.235,    41.912,    -3.04,      0,   1
   -63.770,    41.318,   -10.22,      0,   1
   -54.431,    40.876,   -54.03,      0,   1
   -63.132,    39.888,    -9.62,      0,   1
   -68.636,    41.362,   -36.04,      0,   1
   -63.514,    40.147,  -138.63,      0,   1
   -69.091,    42.000,  -158.95,      0,   1
   -65.999,    42.778,   -61.00,      0,   1
   -68.578,    42.551,   -84.45,      0,   1
   -64.715,    41.186,    -2.75,      0,   1
   -68.232,    41.706,   -50.19,      0,   1
   -69.745,    43.669,   -43.77,      0,   1
   -69.093,    42.993,  -128.42,      0,   1
   -63.969,    43.163,   -16.36,      0,   1
   -66.555,    43.725,   -20.08,      0,   1
   -62.869,    41.027,    -1.61,      0,   1
   -65.443,    41.058,   -22.82,      0,   1
   -63.468,    37.744,    -0.14,     -3,   1
   -63.953,    37.583,     0.61,     -3,   1
   -63.225,    40.505,   -32.16,      0,   1
   -69.960,    39.809,    -5.02,     -3,   1
   -63.202,    37.833,     0.14,     -3,   1
   -62.942,    39.820,   -30.58,      0,   1
   -63.280,    40.259,   -36.17,      0,   1
   -62.837,    41.884,   -12.71,      0,   1
   -68.864,    42.134,   -89.23,      0,   1
   -62.950,    39.876,   -33.93,      0,   1
   -64.921,    40.790,   -13.25,      0,   1
   -66.250,    41.528,   -14.14,      0,   1
   -67.287,    39.282,    -6.55,      0,   1
   -62.703,    41.030,   -18.59,      0,   1
   -62.521,    41.484,   -42.07,      0,   1
   -61.577,    41.333,    -5.72,      0,   1
   -65.498,    40.864,   -56.92,      0,   1
   -63.981,    37.574,    -1.03,     -3,   1
   -63.142,    40.364,    -8.25,      0,   1
   -56.445,    41.741,   -22.36,      0,   1
   -56.171,    41.548,   -49.71,      0,   1
   -67.697,    41.276,    -8.70,      0,   1
   -61.868,    46.624,   -42.23,      0,   1
   -62.028,    42.303,   -22.58,      0,   1
   -60.945,    39.477,    -4.49,      0,   1
   -69.429,    42.119,  -161.83,      0,   1
   -66.814,    42.769,   -22.03,      0,   1
   -55.877,    41.523,    -5.80,      0,   1
   -67.647,    39.311,   -12.49,      0,   1
   -62.772,    39.585,    -7.17,      0,   1
   -60.940,    41.876,    -9.45,      0,   1
   -56.267,    41.804,   -25.48,      0,   1
   -63.106,    40.478,    -9.82,      0,   1
   -67.357,    42.733,    -0.41,      0,   1
   -69.748,    41.027,    -5.43,      0,   1
   -59.121,    41.959,   -31.76,      0,   1
   -67.224,    40.016,    -2.23,      0,   1
   -60.865,    47.260,    -3.67,      0,   1
   -66.668,    43.309,   -34.26,      0,   1
   -60.404,    47.702,   -78.53,      0,   1
   -65.480,    41.065,   -36.18,      0,   1
   -62.554,    42.633,   -18.64,      0,   1
   -65.038,    41.472,   -14.38,      0,   1
   -59.527,    48.658,  -129.54,      0,   1
   -68.604,    41.905,   -70.65,      0,   1
   -60.090,    49.169,  -154.78,      0,   1
   -65.182,    40.667,    -3.10,      0,   1
   -57.895,    50.511,   -65.58,      0,   1
   -65.928,    41.729,   -13.49,      0,   1
   -59.444,    44.844,   -65.03,      0,   1
   -65.398,    40.440,   -12.76,      0,   1
   -59.797,    48.580,   -75.17,      0,   1
   -69.251,    41.662,    -3.71,      0,   1
   -59.830,    47.307,  -244.19,      0,   1
   -62.776,    43.792,   -86.23,      0,   1
   -60.007,    48.872,  -139.08,      0,   1
   -59.691,    44.806,   -92.61,      0,   1
   -59.105,    49.467,    -2.77,      0,   1
   -63.998,    41.783,   -10.82,      0,   1
   -59.997,    48.204,   -84.12,      0,   1
   -60.037,    46.978,   -69.11,      0,   1
   -60.052,    40.216,   -18.01,      0,   1
   -59.509,    48.502,  -123.59,      0,   1
   -59.319,    44.949,   -25.62,      0,   1
   -66.249,    44.358,   -45.04,      0,   1
   -63.425,    40.378,  -125.17,      0,   1
   -67.111,    42.534,   -91.46,      0,   1
   -66.459,    44.819,   -12.66,      0,   1
   -59.990,    49.275,  -103.76,      0,   1
   -61.353,    47.355,    -1.38,      0,   1
   -60.576,    47.251,   -78.89,      0,   1
   -67.650,    42.697,  -156.98,      0,   1
   -63.206,    39.713,   -88.43,      0,   1
   -67.961,    44.093,   -15.98,      0,   1
   -66.412,    44.048,   -19.78,      0,   1
   -65.910,    45.009,   -14.79,      0,   1
   -56.570,    43.667,   -65.78,      0,   1
   -61.368,    48.951,   -26.22,      0,   1
   -59.699,    49.182,   -17.45,      0,   1
   -58.900,    48.684,   -19.56,      0,   1
   -60.518,    47.323,   -62.25,      0,   1
   -60.123,    47.879,    -9.47,      0,   1
   -59.829,    49.468,   -41.96,      0,   1
   -60.172,    48.827,  -134.72,      0,   1
   -59.629,    49.376,   -30.98,      0,   1
   -60.405,    47.855,   -10.14,      0,   1
   -59.513,    49.284,  -187.41,      0,   1
   -59.506,    48.887,  -166.13,      0,   1
   -59.455,    49.388,  -202.78,      0,   1
   -59.216,    48.439,   -57.58,      0,   1
   -59.941,    48.046,  -330.74,      0,   1
   -59.752,    48.971,   -18.44,      0,   1
   -59.818,    46.314,   -13.11,      0,   1
   -60.396,    47.471,   -15.29,      0,   1
   -59.884,    49.201,   -67.17,      0,   1
   -59.498,    49.227,   -75.04,      0,   1
   -59.625,    49.239,   -71.91,      0,   1
   -59.650,    49.233,   -87.77,      0,   1
   -59.185,    49.609,   -85.09,      0,   1
   -60.142,    47.579,   -60.13,      0,   1
   -58.031,    47.332,    -2.09,      0,   1
   -59.929,    49.386,  -112.08,      0,   1
   -59.531,    49.494,  -173.22,      0,   1
   -59.943,    47.395,   -48.85,      0,   1
   -60.868,    44.942,    -8.81,      0,   1
   -60.537,    47.510,   -98.85,      0,   1
   -56.292,    47.596,   -47.10,      0,   1
   -56.064,    46.779,   -50.44,      0,   1
   -54.230,    46.964,   -57.52,      0,   1
   -54.450,    44.268,   -19.90,      0,   1
   -54.821,    47.216,   -50.02,      0,   1
   -54.995,    47.171,   -41.71,      0,   1
   -56.096,    46.627,   -88.19,      0,   1
   -55.631,    46.568,   -99.44,      0,   1
   -55.029,    46.181,  -153.31,      0,   1
   -49.833,    45.003,   -22.32,      0,   1
   -52.060,    44.442,   -43.67,      0,   1
   -55.408,    45.902,   -52.22,      0,   1
   -52.619,    45.674,   -60.48,      0,   1
   -56.440,    47.539,   -72.83,      0,   1
   -59.758,    49.292,  -112.03,      0,   1
   -59.566,    45.789,   -85.70,      0,   1
   -59.695,    49.306,   -23.42,      0,   1
   -56.348,    47.305,   -11.92,      0,   1
   -57.302,    47.452,   -87.12,      0,   1
   -52.790,    41.832,    -1.66,      0,   1
   -69.171,    40.694,   -63.87,      0,   1
   -60.387,    46.493,   -25.55,      0,   1
   -61.395,    46.521,   -10.37,      0,   1
   -60.779,    47.206,   -26.25,      0,   1
   -61.176,    46.906,   -10.28,      0,   1
   -57.472,    44.774,   -87.34,      0,   1
   -58.926,    45.099,   -63.80,      0,   1
   -58.393,    45.084,   -18.80,      0,   1
   -60.220,    47.253,  -171.40,      0,   1
   -56.928,    47.125,  -209.39,      0,   1
   -57.609,    45.757,  -278.79,      0,   1
   -55.286,    45.939,  -115.01,      0,   1
   -57.815,    44.561,   -64.27,      0,   1
   -49.862,    47.375,   -29.99,      0,   1
   -51.995,    46.327,   -88.09,      0,   1
   -53.740,    46.473,    -6.91,      0,   1
   -53.672,    44.931,   -92.92,      0,   1
   -59.551,    44.936,   -19.83,      0,   1
   -52.326,    44.764,   -50.60,      0,   1
   -50.066,    44.706,   -48.93,      0,   1
   -50.704,    43.051,   -10.52,      0,   1
   -59.808,    49.407,  -136.39,      0,   1
   -56.737,    47.106,  -128.77,      0,   1
   -59.860,    49.471,   -33.74,      0,   1
   -49.856,    43.463,   -84.88,      0,   1
   -59.909,    47.962,  -337.01,      0,   1
   -49.621,    44.410,   -47.95,      0,   1
   -59.522,    49.503,  -169.98,      0,   1
   -54.500,    45.038,   -40.44,      0,   1
   -59.753,    49.080,   -17.68,      0,   1
   -51.467,    46.667,   -22.23,      0,   1
   -57.701,    50.975,   -20.52,      0,   1
   -49.629,    46.692,   -23.26,      0,   1
   -59.450,    48.219,  -124.58,      0,   1
   -51.377,    45.536,   -32.70,      0,   1
   -59.053,    49.550,  -122.31,      0,   1
   -49.635,    46.890,   -32.65,      0,   1
   -56.302,    46.034,    -7.84,      0,   1
   -51.698,    46.654,   -52.48,      0,   1
   -59.686,    49.405,  -108.72,      0,   1
   -55.484,    45.643,   -81.63,      0,   1
   -59.683,    49.309,  -114.11,      0,   1
   -50.747,    44.192,   -18.78,      0,   1
   -59.758,    48.310,   -88.68,      0,   1
   -51.897,    44.377,   -41.13,      0,   1
   -59.475,    48.957,  -158.70,      0,   1
   -50.796,    43.961,   -39.29,      0,   1
   -59.728,    46.186,   -12.70,      0,   1
   -52.104,    46.260,   -70.70,      0,   1
   -60.282,    48.088,   -61.18,      0,   1
   -53.138,    44.779,   -85.02,      0,   1
   -59.933,    49.427,  -116.99,      0,   1
   -52.261,    46.768,   -37.92,      0,   1
   -59.860,    48.676,   -47.63,      0,   1
   -49.793,    44.385,   -10.68,      0,   1
   -56.292,    47.121,   -81.03,      0,   1
   -57.408,    47.497,   -72.71,      0,   1
   -50.867,    43.805,   -51.71,      0,   1
   -59.559,    48.428,   -70.55,      0,   1
   -57.748,    47.101,  -156.23,      0,   1
   -56.340,    47.327,  -113.51,      0,   1
   -56.063,    46.432,  -116.06,      0,   1
   -59.375,    49.690,  -162.22,      0,   1
   -57.867,    47.403,  -119.84,      0,   1
   -49.111,    46.755,   -40.81,      0,   1
   -58.646,    50.455,   -90.57,      0,   1
   -56.497,    47.497,   -72.62,      0,   1
   -56.037,    46.863,   -60.82,      0,   1
   -59.616,    49.041,   -56.52,      0,   1
   -57.839,    47.144,  -149.42,      0,   1
   -50.408,    44.917,   -12.39,      0,   1
   -50.370,    47.050,   -66.17,      0,   1
   -59.415,    48.677,  -105.16,      0,   1
   -56.502,    47.520,   -52.16,      0,   1
   -54.805,    47.014,   -15.38,      0,   1
   -48.423,    46.101,   -30.51,      0,   1
   -55.384,    46.299,  -126.90,      0,   1
   -55.540,    46.294,   -99.56,      0,   1
   -54.746,    46.614,    -4.24,      0,   1
   -49.811,    45.786,   -21.24,      0,   1
   -54.934,    46.263,    -5.70,      0,   1
   -55.993,    46.603,  -102.94,      0,   1
   -59.980,    49.324,   -49.92,      0,   1
   -60.184,    49.086,  -141.24,      0,   1
   -59.590,    49.274,   -84.40,      0,   1
   -57.441,    47.527,   -64.31,      0,   1
   -57.733,    47.573,   -37.95,      0,   1
   -61.617,    46.253,    -3.83,      0,   1
   -62.512,    41.122,   -42.28,      0,   1
   -62.871,    39.650,    -7.58,      0,   1
   -68.134,    41.841,  -115.28,      0,   1
   -62.428,    41.202,   -25.19,      0,   1
   -66.948,    41.444,   -31.01,      0,   1
   -63.082,    41.955,    -4.23,      0,   1
   -67.150,    43.528,  -160.34,      0,   1
   -58.783,    41.832,    -1.27,      0,   1
   -62.659,    41.008,   -25.80,      0,   1
   -63.466,    40.269,  -137.65,      0,   1
   -62.967,    41.436,    -1.53,      0,   1
   -62.803,    40.931,   -15.55,      0,   1
   -59.763,    42.184,    -3.96,      0,   1
   -63.230,    40.447,   -27.83,      0,   1
   -62.191,    43.502,   -77.14,      0,   1
   -69.248,    42.445,  -184.38,      0,   1
   -67.845,    43.022,   -54.84,      0,   1
   -63.567,    41.905,    -3.36,      0,   1
   -69.894,    42.413,   -56.96,      0,   1
   -69.695,    43.646,   -54.50,      0,   1
   -67.551,    41.917,    -4.96,      0,   1
   -63.902,    41.116,    -5.04,      0,   1
   -67.696,    41.345,   -31.12,      0,   1
   -69.647,    41.255,    -8.68,      0,   1
   -67.044,    41.812,   -14.94,      0,   1
   -67.757,    40.630,    -5.52,      0,   1
   -62.650,    40.852,   -13.40,      0,   1
   -58.695,    40.948,   -11.87,      0,   1
   -62.486,    40.894,    -1.94,      0,   1
   -62.921,    40.997,   -83.88,      0,   1
   -69.946,    39.782,   -17.62,     -3,   1
   -69.885,    39.667,  -117.18,     -3,   1
   -59.638,    46.024,   -44.14,      0,   1
   -63.183,    40.417,   -16.84,      0,   1
   -59.963,    47.446,  -177.86,      0,   1
   -59.917,    46.658,   -45.92,      0,   1
   -62.864,    41.181,   -32.48,      0,   1
   -57.898,    43.690,    -3.22,      0,   1
   -59.657,    45.833,    -7.30,      0,   1
   -57.312,    46.172,   -54.63,      0,   1
   -65.811,    40.783,    -2.23,      0,   1
   -60.009,    45.653,   -51.98,      0,   1
   -59.367,    49.269,  -166.52,      0,   1
   -59.759,    46.878,  -181.80,      0,   1
   -59.999,    41.733,    -0.43,      0,   1
   -60.197,    47.358,   -70.68,      0,   1
   -60.226,    46.310,   -16.51,      0,   1
   -59.124,    44.801,   -93.54,      0,   1
   -59.220,    45.531,   -40.10,      0,   1
   -58.376,    45.510,   -53.35,      0,   1
   -59.650,    48.888,  -182.89,      0,   1
   -61.954,    47.609,   -26.43,      0,   1
   -61.623,    46.371,   -13.08,      0,   1
   -58.798,    44.893,   -21.18,      0,   1
   -58.844,    45.667,    -3.03,      0,   1
   -60.149,    47.483,   -98.01,      0,   1
   -59.717,    45.245,   -18.60,      0,   1
   -59.435,    46.658,   -13.42,      0,   1
   -59.831,    49.582,   -97.15,      0,   1
   -59.971,    48.009,  -342.92,      0,   1
   -59.908,    45.137,    -5.59,      0,   1
   -61.633,    46.355,    -8.20,      0,   1
   -61.401,    41.956,    -6.86,      0,   1
   -60.006,    47.583,  -117.76,      0,   1
   -58.241,    46.478,   -40.50,      0,   1
   -58.969,    45.064,   -31.63,      0,   1
   -59.188,    46.057,   -51.03,      0,   1
   -57.851,    46.697,   -11.28,      0,   1
   -58.840,    50.331,   -58.45,      0,   1
   -49.745,    45.523,   -30.81,      0,   1
   -60.047,    47.130,  -222.94,      0,   1
   -59.952,    47.483,  -316.64,      0,   1
   -60.309,    47.414,   -76.13,      0,   1
   -60.059,    48.999,  -131.67,      0,   1
   -60.587,    47.283,   -93.05,      0,   1
   -60.984,    48.978,   -48.21,      0,   1
   -62.715,    40.972,   -15.33,      0,   1
   -67.343,    42.586,  -147.60,      0,   1
   -66.304,    44.605,   -59.34,      0,   1
   -67.460,    42.389,  -159.74,      0,   1
   -60.530,    48.950,  -151.80,      0,   1
   -59.824,    49.489,   -33.58,      0,   1
   -59.482,    48.346,   -18.63,      0,   1
   -59.844,    49.473,   -19.72,      0,   1
   -59.050,    48.295,    -0.22,      0,   1
   -59.930,    45.781,   -32.60,      0,   1
   -59.410,    48.281,  -110.47,      0,   1
   -59.301,    45.575,    -2.40,      0,   1
   -59.916,    48.813,  -213.60,      0,   1
   -60.126,    46.892,   -88.27,      0,   1
   -59.734,    49.371,  -205.69,      0,   1
   -59.386,    46.821,    -3.11,      0,   1
   -59.396,    49.058,   -51.45,      0,   1
   -58.367,    50.599,   -26.84,      0,   1
   -58.260,    47.366,    -7.10,      0,   1
   -59.280,    49.648,   -78.69,      0,   1
   -61.073,    48.659,   -59.75,      0,   1
   -59.400,    49.357,   -49.36,      0,   1
   -59.965,    48.630,  -234.33,      0,   1
   -59.113,    46.764,   -25.64,      0,   1
   -58.167,    50.830,   -25.62,      0,   1
   -60.271,    47.327,   -32.52,      0,   1
   -59.495,    45.475,   -24.86,      0,   1
   -59.467,    45.910,   -10.91,      0,   1
   -56.426,    47.463,   -98.15,      0,   1
   -49.151,    46.333,   -15.46,      0,   1
   -56.782,    46.287,   -15.94,      0,   1
   -50.926,    47.024,   -53.84,      0,   1
   -55.286,    46.799,   -66.65,      0,   1
   -54.917,    44.901,    -1.06,      0,   1
   -55.518,    46.347,  -110.40,      0,   1
   -52.534,    46.346,    -6.79,      0,   1
   -49.423,    47.301,   -68.62,      0,   1
   -55.112,    46.671,    -6.51,      0,   1
   -50.254,    47.045,   -49.76,      0,   1
   -55.424,    46.249,  -135.56,      0,   1
   -55.747,    46.465,  -124.00,      0,   1
   -56.170,    47.568,   -53.95,      0,   1
   -59.287,    48.524,   -67.00,      0,   1
   -57.730,    50.607,  -122.91,      0,   1
   -58.024,    47.168,    -2.59,      0,   1
   -53.516,    45.180,    -9.38,      0,   1
   -56.163,    47.540,   -62.77,      0,   1
   -61.369,    46.755,   -36.78,      0,   1
   -60.197,    39.764,   -20.47,      0,   1
   -53.897,    46.730,   -24.79,      0,   1
   -55.373,    46.486,  -136.16,      0,   1
   -51.688,    46.092,   -57.55,      0,   1
   -49.802,    44.804,   -33.78,      0,   1
   -50.017,    46.830,   -53.58,      0,   1
   -54.197,    44.907,  -290.45,      0,   1
   -51.602,    45.052,   -28.37,      0,   1
   -50.150,    45.987,   -41.93,      0,   1
   -51.750,    46.492,   -37.30,      0,   1
   -51.232,    43.313,    -4.58,      0,   1
   -52.074,    44.625,   -56.42,      0,   1
   -58.126,    46.123,   -36.80,      0,   1
   -52.574,    45.059,   -62.66,      0,   1
   -60.069,    47.252,   -48.56,      0,   1
   -53.442,    45.219,   -65.14,      0,   1
   -57.403,    46.252,   -10.08,      0,   1
   -50.989,    45.841,   -59.56,      0,   1
   -59.722,    49.538,  -114.36,      0,   1
   -51.437,    44.801,   -45.16,      0,   1
   -59.722,    49.690,   -77.32,      0,   1
   -51.345,    46.730,   -19.18,      0,   1
   -59.101,    46.771,   -18.59,      0,   1
   -58.906,    44.742,   -36.83,      0,   1
   -59.799,    49.319,   -76.60,      0,   1
   -49.949,    47.031,   -41.29,      0,   1
   -59.921,    49.203,   -31.43,      0,   1
   -53.833,    45.456,   -59.34,      0,   1
   -59.728,    49.383,  -133.69,      0,   1
   -54.378,    46.055,   -23.08,      0,   1
   -59.827,    49.354,   -41.07,      0,   1
   -54.474,    45.716,    -3.75,      0,   1
   -59.843,    48.837,  -159.57,      0,   1
   -48.899,    43.847,    -2.66,      0,   1
   -59.720,    49.306,  -102.19,      0,   1
   -49.442,    46.666,   -36.88,      0,   1
   -59.808,    49.334,  -107.48,      0,   1
   -54.111,    43.892,   -14.77,      0,   1
   -59.878,    49.315,   -33.59,      0,   1
   -59.599,    44.189,   -48.61,      0,   1
   -60.420,    47.857,   -44.40,      0,   1
   -50.509,    44.710,   -32.72,      0,   1
   -59.691,    48.768,  -142.25,      0,   1
   -54.111,    46.025,    -2.71,      0,   1
   -59.639,    49.257,   -72.89,      0,   1
   -52.314,    45.937,    -9.15,      0,   1
   -57.768,    50.420,  -104.77,      0,   1
   -52.084,    44.190,   -16.58,      0,   1
   -57.480,    46.378,   -26.89,      0,   1
   -57.132,    47.433,   -99.51,      0,   1
   -51.194,    46.910,   -66.78,      0,   1
   -59.698,    49.341,  -124.64,      0,   1
   -54.975,    45.931,   -11.15,      0,   1
   -52.001,    44.737,   -47.77,      0,   1
   -59.678,    49.618,   -70.80,      0,   1
   -57.628,    47.121,  -168.84,      0,   1
   -51.118,    46.995,   -75.12,      0,   1
   -59.681,    49.359,  -132.73,      0,   1
   -56.696,    47.042,  -129.81,      0,   1
   -56.031,    46.887,   -57.87,      0,   1
   -59.038,    47.120,    -5.91,      0,   1
   -58.172,    47.586,   -52.13,      0,   1
   -51.305,    44.490,   -28.54,      0,   1
   -50.050,    47.076,   -52.97,      0,   1
   -60.105,    45.762,   -12.29,      0,   1
   -56.225,    47.392,   -20.15,      0,   1
   -55.949,    46.099,   -11.02,      0,   1
   -55.483,    46.759,    -5.44,      0,   1
   -56.037,    46.631,   -82.11,      0,   1
   -48.217,    46.562,   -20.50,      0,   1
   -50.565,    46.249,   -19.13,      0,   1
   -53.893,    45.744,   -28.95,      0,   1
   -53.575,    45.967,   -51.01,      0,   1
   -56.010,    46.624,  -101.96,      0,   1
   -59.904,    49.331,   -62.76,      0,   1
   -57.381,    47.188,   -21.95,      0,   1
   -57.689,    50.540,   -93.79,      0,   1
   -55.302,    45.849,  -108.86,      0,   1
   -55.678,    46.203,   -48.15,      0,   1
   -62.719,    40.983,   -23.95,      0,   1
   -61.782,    41.466,   -87.94,      0,   1
   -62.776,    40.996,   -22.70,      0,   1
   -62.045,    41.252,   -24.16,      0,   1
   -69.306,    41.615,   -79.17,      0,   1
   -66.149,    40.531,    -2.04,      0,   1
   -59.349,    41.723,    -3.74,      0,   1
   -65.788,    40.976,    -6.88,      0,   1
   -66.919,    41.409,   -24.69,      0,   1
   -65.126,    42.934,   -28.31,      0,   1
   -66.568,    43.749,   -18.78,      0,   1
   -56.468,    42.115,   -27.54,      0,   1
   -63.412,    41.822,   -14.25,      0,   1
   -59.960,    42.370,   -33.16,      0,   1
   -67.025,    41.429,   -18.60,      0,   1
   -63.339,    41.676,    -8.99,      0,   1
   -65.117,    40.630,   -42.37,      0,   1
   -64.391,    41.730,   -28.25,      0,   1
   -60.807,    42.055,   -15.86,      0,   1
   -62.315,    40.995,   -55.40,      0,   1
   -65.318,    40.780,   -35.48,      0,   1
   -68.444,    41.592,   -13.24,      0,   1
   -61.679,    41.675,   -61.94,      0,   1
   -68.081,    43.445,   -96.70,      0,   1
   -64.519,    41.004,    -3.62,      0,   1
   -64.063,    41.668,    -1.60,      0,   1
   -68.403,    41.529,   -51.47,      0,   1
   -68.114,    42.225,  -152.41,      0,   1
   -69.388,    43.716,   -64.31,      0,   1
   -68.313,    40.809,    -4.47,      0,   1
   -66.065,    40.714,    -1.10,      0,   1
   -67.365,    40.742,    -0.52,      0,   1
   -69.917,    39.728,   -31.33,     -3,   1
   -64.004,    37.566,    -0.90,     -3,   1
   -60.392,    41.490,   -11.58,      0,   1
   -59.628,    41.745,    -0.79,      0,   1
   -54.774,    40.572,   -15.57,     -3,   1
   -64.975,    40.494,    -5.87,      0,   1
   -69.479,    41.478,   -58.91,      0,   1
   -68.386,    41.838,  -112.76,      0,   1
   -65.528,    41.697,   -11.60,      0,   1
   -69.569,    41.474,   -47.24,      0,   1
   -61.542,    41.592,   -26.98,      0,   1
   -67.612,    39.632,    -4.07,      0,   1
   -62.795,    39.682,   -31.63,      0,   1
   -62.456,    43.889,   -22.18,      0,   1
   -60.898,    39.158,    -0.86,      0,   1
   -65.160,    40.877,   -95.30,      0,   1
   -60.497,    39.438,    -8.99,      0,   1
   -59.987,    42.180,   -27.10,      0,   1
   -60.664,    40.823,   -20.61,      0,   1
   -58.524,    41.807,   -39.00,      0,   1
   -69.245,    41.632,   -34.11,      0,   1
   -62.690,    40.974,   -19.05,      0,   1
   -60.131,    46.409,    -4.87,      0,   1
   -62.224,    41.182,   -39.38,      0,   1
   -68.331,    41.902,  -120.93,      0,   1
   -65.407,    41.031,   -34.82,      0,   1
   -60.396,    40.109,   -18.54,      0,   1
   -62.773,    39.644,   -26.54,      0,   1
   -69.147,    41.241,   -41.52,      0,   1
   -62.645,    41.053,   -26.83,      0,   1
   -62.804,    41.310,   -67.46,      0,   1
   -62.270,    41.260,    -8.40,      0,   1
   -66.863,    43.491,   -18.54,      0,   1
   -68.131,    41.805,  -101.71,      0,   1
   -65.024,    41.207,   -44.71,      0,   1
   -67.239,    41.385,    -2.05,      0,   1
   -61.253,    39.506,    -1.10,      0,   1
   -59.832,    46.584,   -35.88,      0,   1
   -68.831,    41.441,   -50.91,      0,   1
   -59.561,    45.959,   -38.78,      0,   1
   -68.293,    41.676,   -24.55,      0,   1
   -59.035,    50.111,  -113.68,      0,   1
   -66.884,    42.195,   -17.10,      0,   1
   -60.090,    48.717,  -191.23,      0,   1
   -64.087,    41.726,   -28.71,      0,   1
   -59.996,    47.374,  -339.64,      0,   1
   -62.496,    40.710,   -17.65,      0,   1
   -58.896,    49.985,  -203.70,      0,   1
   -66.085,    40.612,    -2.12,      0,   1
   -60.169,    48.847,  -190.22,      0,   1
   -68.556,    42.608,    -2.80,      0,   1
   -59.528,    48.510,    -3.75,      0,   1
   -63.472,    40.277,  -109.68,      0,   1
   -59.837,    48.772,  -184.30,      0,   1
   -60.647,    39.671,   -50.03,      0,   1
   -59.646,    49.028,  -178.02,      0,   1
   -67.131,    42.006,    -2.06,      0,   1
   -59.258,    46.010,   -43.92,      0,   1
   -65.595,    42.343,    -8.17,      0,   1
   -59.716,    49.084,  -161.96,      0,   1
   -59.718,    46.908,  -156.64,      0,   1
   -63.107,    40.517,   -15.92,      0,   1
   -59.595,    48.656,  -151.25,      0,   1
   -62.701,    41.201,   -26.52,      0,   1
   -60.457,    47.840,   -88.85,      0,   1
   -59.663,    43.270,    -7.63,      0,   1
   -63.399,    40.382,  -140.57,      0,   1
   -65.240,    40.620,    -6.17,      0,   1
   -66.608,    44.077,   -21.20,      0,   1
   -67.021,    42.622,  -101.01,      0,   1
   -66.357,    43.549,   -32.58,      0,   1
   -60.418,    47.432,  -157.24,      0,   1
   -59.845,    47.023,  -213.50,      0,   1
   -54.358,    40.846,   -23.60,      0,   1
   -60.673,    41.893,    -8.20,      0,   1
   -67.649,    42.901,  -157.80,      0,   1
   -67.412,    42.570,  -201.61,      0,   1
   -65.606,    42.955,    -5.55,      0,   1
   -59.921,    47.247,    -0.97,      0,   1
   -60.619,    47.256,   -13.37,      0,   1
   -59.346,    46.548,    -7.02,      0,   1
   -59.520,    48.975,  -169.92,      0,   1
   -59.718,    49.008,   -28.71,      0,   1
   -59.014,    50.039,  -138.06,      0,   1
   -59.510,    48.329,  -134.63,      0,   1
   -59.254,    48.709,   -68.63,      0,   1
   -60.021,    48.443,   -73.65,      0,   1
   -59.662,    45.958,   -11.17,      0,   1
   -59.714,    48.987,   -75.65,      0,   1
   -60.352,    47.615,   -85.05,      0,   1
   -60.349,    47.769,   -35.83,      0,   1
   -57.704,    46.892,   -20.16,      0,   1
   -59.845,    46.759,   -34.74,      0,   1
   -59.965,    49.272,   -85.82,      0,   1
   -59.461,    48.780,  -132.92,      0,   1
   -57.703,    50.644,   -75.27,      0,   1
   -59.680,    49.382,   -98.39,      0,   1
   -56.297,    47.016,   -29.41,      0,   1
   -60.759,    47.829,   -12.84,      0,   1
   -59.892,    48.131,  -278.04,      0,   1
   -59.371,    49.293,   -48.14,      0,   1
   -59.738,    49.483,  -130.53,      0,   1
   -59.724,    49.445,  -105.52,      0,   1
   -60.045,    49.357,  -108.04,      0,   1
   -57.609,    50.842,   -15.39,      0,   1
   -59.922,    47.242,  -167.81,      0,   1
   -59.843,    46.594,   -58.83,      0,   1
   -60.492,    44.422,   -11.49,      0,   1
   -56.384,    47.553,   -69.98,      0,   1
   -49.225,    45.789,   -27.42,      0,   1
   -56.255,    44.767,   -10.59,      0,   1
   -55.490,    46.375,  -119.25,      0,   1
   -55.264,    45.970,  -127.64,      0,   1
   -54.628,    47.307,   -42.18,      0,   1
   -52.170,    46.512,   -52.78,      0,   1
   -52.942,    46.386,  -115.24,      0,   1
   -54.175,    47.012,   -17.74,      0,   1
   -50.581,    44.576,    -3.98,      0,   1
   -56.154,    46.675,   -71.13,      0,   1
   -50.500,    45.298,   -39.59,      0,   1
   -53.478,    45.053,   -11.83,      0,   1
   -59.956,    49.335,   -53.62,      0,   1
   -59.662,    49.502,   -83.42,      0,   1
   -56.446,    47.484,   -81.99,      0,   1
   -61.647,    46.245,    -2.10,      0,   1
   -61.082,    47.312,   -20.39,      0,   1
   -60.905,    47.101,   -24.66,      0,   1
   -57.277,    45.178,   -63.69,      0,   1
   -59.940,    46.906,  -118.89,      0,   1
   -55.716,    42.883,   -17.82,      0,   1
   -61.222,    47.584,   -23.73,      0,   1
   -61.784,    43.155,   -11.65,      0,   1
   -61.433,    46.812,   -15.65,      0,   1
   -55.404,    42.151,   -45.05,      0,   1
   -65.035,    41.027,  -110.43,      0,   1
   -60.968,    46.684,   -17.60,      0,   1
   -56.550,    46.571,   -18.06,      0,   1
   -50.193,    44.371,   -27.08,      0,   1
   -52.903,    45.220,    -0.54,      0,   1
   -51.515,    44.461,    -2.71,      0,   1
   -54.491,    44.936,   -63.15,      0,   1
   -54.449,    44.002,   -10.66,      0,   1
   -48.532,    46.364,   -67.90,      0,   1
   -57.574,    44.392,    -5.66,      0,   1
   -50.363,    46.519,   -59.47,      0,   1
   -49.780,    44.271,    -3.34,      0,   1
   -51.681,    45.258,   -33.99,      0,   1
   -51.230,    43.415,   -54.92,      0,   1
   -59.730,    49.834,   -30.12,      0,   1
   -54.409,    45.516,   -62.85,      0,   1
   -59.902,    48.653,   -12.90,      0,   1
   -49.793,    46.108,   -36.10,      0,   1
   -59.735,    49.165,   -97.40,      0,   1
   -50.639,    43.747,   -15.81,      0,   1
   -58.894,    50.297,  -128.17,      0,   1
   -54.999,    44.963,   -48.23,      0,   1
   -57.620,    45.749,    -1.80,      0,   1
   -50.595,    43.918,   -38.58,      0,   1
   -59.774,    49.609,  -109.65,      0,   1
   -53.849,    44.700,  -383.83,      0,   1
   -59.693,    49.285,   -90.64,      0,   1
   -55.977,    45.437,   -22.56,      0,   1
   -58.268,    50.808,   -45.57,      0,   1
   -51.932,    45.225,   -38.09,      0,   1
   -59.525,    48.523,  -124.71,      0,   1
   -53.989,    43.900,   -12.61,      0,   1
   -59.945,    49.316,   -38.94,      0,   1
   -51.014,    44.573,   -51.83,      0,   1
   -59.798,    49.204,  -119.55,      0,   1
   -49.528,    46.859,   -51.24,      0,   1
   -59.820,    49.007,   -15.30,      0,   1
   -54.407,    43.056,    -6.61,      0,   1
   -58.656,    46.365,   -13.10,      0,   1
   -50.324,    44.018,   -30.37,      0,   1
   -59.536,    48.474,  -118.68,      0,   1
   -53.993,    46.045,   -19.56,      0,   1
   -59.612,    48.548,  -120.96,      0,   1
   -56.078,    44.455,   -10.21,      0,   1
   -59.929,    49.258,   -80.18,      0,   1
   -51.436,    46.502,   -81.67,      0,   1
   -59.695,    49.453,   -90.00,      0,   1
   -56.669,    45.238,    -3.29,      0,   1
   -56.778,    47.480,   -84.29,      0,   1
   -49.493,    45.191,   -68.21,      0,   1
   -56.161,    47.516,   -46.30,      0,   1
   -56.078,    47.396,   -82.16,      0,   1
   -50.364,    46.241,   -72.08,      0,   1
   -59.034,    49.370,   -18.76,      0,   1
   -58.269,    47.321,  -158.30,      0,   1
   -55.432,    46.321,  -120.18,      0,   1
   -59.922,    49.251,   -83.70,      0,   1
   -57.897,    47.348,  -140.80,      0,   1
   -51.580,    44.884,   -54.72,      0,   1
   -60.480,    44.658,    -1.24,      0,   1
   -57.561,    47.610,   -33.83,      0,   1
   -54.006,    45.389,   -48.88,      0,   1
   -59.327,    47.081,   -14.50,      0,   1
   -56.390,    47.455,   -13.43,      0,   1
   -49.424,    45.791,   -25.73,      0,   1
   -55.713,    46.688,   -91.08,      0,   1
   -59.666,    49.198,   -68.25,      0,   1
   -56.649,    47.460,   -56.39,      0,   1
   -56.047,    46.384,   -72.07,      0,   1
   -56.112,    45.114,   -50.34,      0,   1
   -54.404,    45.047,    -0.39,      0,   1
   -50.544,    45.828,   -16.32,      0,   1
   -51.107,    44.260,    -9.45,      0,   1
   -54.977,    47.220,   -22.95,      0,   1
   -55.143,    46.287,   -87.43,      0,   1
   -55.362,    46.821,   -53.46,      0,   1
   -59.840,    49.303,   -64.67,      0,   1
   -59.990,    49.306,   -73.59,      0,   1
   -59.236,    49.812,   -19.50,      0,   1
   -56.299,    46.690,    -1.78,      0,   1
   -62.716,    42.670,   -25.76,      0,   1
   -67.399,    42.792,  -182.23,      0,   1
   -63.198,    40.664,   -69.20,      0,   1
   -64.131,    41.115,   -12.91,      0,   1
   -64.609,    40.924,    -0.64,      0,   1
   -63.301,    41.902,    -2.21,      0,   1
   -63.287,    40.623,   -93.34,      0,   1
   -64.660,    40.550,   -19.43,      0,   1
   -62.879,    40.972,   -42.91,      0,   1
   -64.514,    40.795,    -4.99,      0,   1
   -62.647,    43.956,   -31.40,      0,   1
   -66.239,    43.725,    -9.03,      0,   1
   -64.710,    40.370,    -0.86,      0,   1
   -64.144,    40.629,   -40.24,      0,   1
   -63.125,    41.517,    -2.19,      0,   1
   -62.527,    39.645,   -25.99,      0,   1
   -63.090,    40.990,    -1.52,      0,   1
   -55.644,    41.362,    -4.78,      0,   1
   -68.392,    41.916,   -75.57,      0,   1
   -64.471,    40.987,    -5.00,      0,   1
   -63.461,    41.558,    -6.54,      0,   1
   -69.076,    41.300,   -27.51,      0,   1
   -68.860,    42.643,    -1.48,      0,   1
   -66.971,    43.545,   -21.97,      0,   1
   -67.721,    41.247,   -22.42,      0,   1
   -66.827,    40.453,  -113.47,      0,   1
   -66.729,    41.350,   -23.17,      0,   1
   -65.407,    40.743,   -44.48,      0,   1
   -69.844,    39.590,  -195.85,     -3,   1
   -63.104,    40.697,   -33.53,      0,   1
   -64.717,    40.691,   -57.26,      0,   1
   -60.217,    42.010,    -9.50,      0,   1
   -64.858,    40.677,   -27.56,      0,   1
   -60.146,    42.695,    -5.77,      0,   1
   -58.599,    44.723,   -55.27,      0,   1
   -68.179,    41.883,    -2.46,      0,   1
   -58.337,    43.401,    -4.90,      0,   1
   -58.667,    45.908,    -7.98,      0,   1
   -60.047,    47.115,  -134.39,      0,   1
   -59.714,    41.787,    -0.12,      0,   1
   -60.354,    47.445,  -133.78,      0,   1
   -57.176,    45.476,  -106.74,      0,   1
   -59.220,    46.182,   -57.82,      0,   1
   -62.768,    41.090,   -79.37,      0,   1
   -59.145,    46.026,   -56.84,      0,   1
   -62.845,    42.879,   -28.66,      0,   1
   -58.006,    45.307,   -33.09,      0,   1
   -61.364,    42.204,    -5.62,      0,   1
   -60.369,    47.141,   -68.66,      0,   1
   -60.424,    47.738,    -8.68,      0,   1
   -60.355,    47.398,  -182.86,      0,   1
   -61.980,    48.094,   -37.81,      0,   1
   -56.701,    47.413,   -19.86,      0,   1
   -60.886,    48.065,  -206.36,      0,   1
   -62.471,    47.380,    -7.65,      0,   1
   -60.928,    46.723,   -25.08,      0,   1
   -60.718,    47.531,   -39.13,      0,   1
   -61.762,    47.885,   -13.93,      0,   1
   -59.311,    45.874,   -20.06,      0,   1
   -60.120,    47.427,  -121.15,      0,   1
   -59.735,    45.715,   -37.29,      0,   1
   -59.810,    45.780,   -53.80,      0,   1
   -60.357,    47.193,   -59.96,      0,   1
   -57.638,    46.917,    -2.65,      0,   1
   -57.662,    46.975,   -20.80,      0,   1
   -59.881,    47.526,   -77.80,      0,   1
   -59.864,    48.656,  -230.20,      0,   1
   -60.624,    47.362,   -58.92,      0,   1
   -60.133,    47.863,    -7.35,      0,   1
   -61.057,    47.088,   -65.29,      0,   1
   -62.984,    39.970,    -4.99,      0,   1
   -55.144,    42.823,   -10.17,      0,   1
   -59.652,    48.899,   -86.10,      0,   1
   -60.009,    47.539,  -131.24,      0,   1
   -59.944,    48.229,  -117.61,      0,   1
   -59.937,    49.249,  -212.42,      0,   1
   -67.079,    43.427,  -194.37,      0,   1
   -66.436,    44.496,   -72.87,      0,   1
   -64.019,    41.135,   -44.82,      0,   1
   -66.803,    42.528,    -5.16,      0,   1
   -61.606,    48.860,   -10.59,      0,   1
   -60.245,    46.356,   -17.40,      0,   1
   -59.859,    49.107,   -38.73,      0,   1
   -59.891,    47.925,   -38.43,      0,   1
   -60.486,    47.438,   -10.14,      0,   1
   -59.670,    47.158,   -45.06,      0,   1
   -59.895,    48.921,  -123.98,      0,   1
   -61.308,    48.784,   -57.98,      0,   1
   -60.232,    48.352,   -57.67,      0,   1
   -59.548,    48.382,    -5.73,      0,   1
   -60.043,    49.073,   -89.64,      0,   1
   -60.283,    47.790,   -60.12,      0,   1
   -59.789,    47.491,  -149.77,      0,   1
   -57.596,    47.340,    -9.26,      0,   1
   -58.144,    46.038,   -44.20,      0,   1
   -56.604,    43.748,    -3.90,      0,   1
   -59.722,    49.290,  -148.23,      0,   1
   -57.339,    46.761,    -5.30,      0,   1
   -59.468,    49.044,  -176.77,      0,   1
   -61.116,    48.678,   -99.27,      0,   1
   -57.507,    47.055,   -20.84,      0,   1
   -60.120,    46.592,   -24.43,      0,   1
   -59.983,    48.526,   -39.61,      0,   1
   -58.817,    44.817,   -24.54,      0,   1
   -58.106,    45.456,    -7.40,      0,   1
   -55.865,    47.407,   -57.24,      0,   1
   -51.157,    44.785,   -17.43,      0,   1
   -54.175,    47.287,   -34.96,      0,   1
   -50.827,    44.579,   -33.83,      0,   1
   -56.025,    46.629,   -98.82,      0,   1
   -54.154,    47.294,   -29.84,      0,   1
   -51.268,    45.650,   -39.70,      0,   1
   -55.483,    46.282,  -136.81,      0,   1
   -51.437,    43.535,   -66.46,      0,   1
   -55.002,    47.069,   -15.74,      0,   1
   -57.378,    44.367,   -19.15,      0,   1
   -51.425,    43.763,   -16.42,      0,   1
   -50.854,    46.786,   -72.65,      0,   1
   -59.283,    49.087,   -22.74,      0,   1
   -59.532,    49.225,   -39.02,      0,   1
   -59.211,    47.370,   -51.91,      0,   1
   -60.447,    47.493,   -50.48,      0,   1
   -62.133,    42.630,   -10.68,      0,   1
   -60.260,    47.146,   -97.41,      0,   1
   -60.222,    46.575,   -51.78,      0,   1
   -59.125,    44.133,    -8.24,      0,   1
   -61.078,    47.187,   -39.31,      0,   1
   -58.627,    44.924,   -68.47,      0,   1
   -61.281,    47.575,   -19.64,      0,   1
   -62.321,    46.222,    -6.47,      0,   1
   -60.215,    47.407,  -128.47,      0,   1
   -50.681,    45.236,   -50.47,      0,   1
   -56.407,    44.495,    -5.11,      0,   1
   -54.256,    43.922,   -15.90,      0,   1
   -50.353,    46.162,   -54.22,      0,   1
   -51.271,    46.376,   -21.55,      0,   1
   -54.615,    47.026,  -115.05,      0,   1
   -54.630,    47.036,  -110.75,      0,   1
   -59.436,    44.354,   -33.12,      0,   1
   -49.855,    44.058,    -9.64,      0,   1
   -50.179,    42.623,    -2.42,      0,   1
   -51.264,    45.753,   -18.89,      0,   1
   -52.027,    44.388,   -57.75,      0,   1
   -59.858,    49.652,  -102.20,      0,   1
   -55.318,    46.471,    -9.74,      0,   1
   -59.988,    48.642,   -25.22,      0,   1
   -50.187,    46.141,   -30.64,      0,   1
   -59.619,    48.509,  -158.62,      0,   1
   -50.735,    43.895,   -40.48,      0,   1
   -59.931,    48.386,   -39.09,      0,   1
   -49.360,    44.363,   -87.18,      0,   1
   -60.241,    48.401,   -30.93,      0,   1
   -51.621,    45.917,   -13.87,      0,   1
   -59.627,    49.399,  -176.05,      0,   1
   -53.349,    45.213,    -3.42,      0,   1
   -58.141,    50.940,    -0.64,      0,   1
   -55.635,    45.009,    -7.47,      0,   1
   -59.406,    48.547,   -91.68,      0,   1
   -49.006,    46.546,   -24.72,      0,   1
   -59.806,    49.381,   -16.67,      0,   1
   -50.279,    46.928,   -64.41,      0,   1
   -59.265,    45.914,   -24.13,      0,   1
   -51.631,    45.015,   -31.88,      0,   1
   -59.594,    49.186,   -72.14,      0,   1
   -51.460,    46.197,   -16.56,      0,   1
   -59.664,    48.919,  -145.07,      0,   1
   -54.454,    45.682,    -4.00,      0,   1
   -58.672,    49.595,  -101.43,      0,   1
   -54.266,    45.539,   -60.83,      0,   1
   -59.728,    49.527,  -103.48,      0,   1
   -52.588,    44.537,   -87.63,      0,   1
   -59.799,    49.326,  -102.59,      0,   1
   -48.953,    44.238,    -4.69,      0,   1
   -59.465,    49.216,  -158.02,      0,   1
   -54.127,    46.319,   -82.44,      0,   1
   -59.817,    49.210,  -122.52,      0,   1
   -53.977,    46.423,   -24.21,      0,   1
   -59.138,    50.258,  -107.09,      0,   1
   -49.739,    45.701,   -13.07,      0,   1
   -56.192,    47.579,   -29.71,      0,   1
   -63.940,    43.025,   -28.38,      0,   1
   -57.696,    50.399,   -73.37,      0,   1
   -55.893,    47.321,   -43.14,      0,   1
   -54.690,    46.944,   -12.92,      0,   1
   -59.499,    49.212,   -60.24,      0,   1
   -49.309,    45.958,   -18.29,      0,   1
   -56.072,    46.622,   -90.75,      0,   1
   -58.776,    50.202,  -110.69,      0,   1
   -56.381,    47.559,   -67.61,      0,   1
   -48.285,    44.941,    -3.89,      0,   1
   -59.988,    46.236,    -0.82,      0,   1
   -55.712,    47.315,   -49.71,      0,   1
   -55.427,    46.238,  -134.58,      0,   1
   -60.364,    47.754,   -11.75,      0,   1
   -57.167,    47.423,    -7.66,      0,   1
   -54.961,    47.279,   -12.98,      0,   1
   -52.469,    43.192,   -38.04,      0,   1
   -59.565,    48.624,  -142.24,      0,   1
   -58.197,    47.418,  -104.64,      0,   1
   -55.376,    46.560,   -27.59,      0,   1
   -54.176,    47.311,    -8.99,      0,   1
   -55.650,    46.159,    -2.61,      0,   1
   -55.844,    46.403,  -124.57,      0,   1
   -55.184,    46.973,   -38.34,      0,   1
   -55.914,    46.619,  -101.97,      0,   1
   -54.746,    46.845,   -10.10,      0,   1
   -55.640,    46.569,   -97.31,      0,   1
   -59.243,    48.926,  -104.37,      0,   1
   -58.151,    50.600,    -3.04,      0,   1
   -56.099,    46.804,    -1.25,      0,   1
   -69.527,    42.411,  -124.48,      0,   1
   -69.553,    41.464,   -23.49,      0,   1
   -62.178,    43.724,   -32.23,      0,   1
   -68.537,    41.731,   -26.72,      0,   1
   -64.215,    42.248,   -20.91,      0,   1
   -60.874,    41.651,    -1.24,      0,   1
   -63.036,    40.176,   -26.35,      0,   1
   -64.020,    41.043,    -2.05,      0,   1
   -63.003,    41.135,   -12.93,      0,   1
   -63.374,    40.450,  -125.56,      0,   1
   -63.236,    40.358,   -25.70,      0,   1
   -64.973,    40.444,    -1.67,      0,   1
   -60.551,    39.711,   -43.25,      0,   1
   -62.702,    40.938,   -15.23,      0,   1
   -62.571,    39.702,   -17.40,      0,   1
   -63.242,    41.705,    -9.34,      0,   1
   -65.538,    40.805,   -46.97,      0,   1
   -59.369,    41.523,    -4.55,      0,   1
   -63.499,    43.781,   -24.03,      0,   1
   -66.847,    42.784,   -24.49,      0,   1
   -63.090,    39.639,   -73.97,      0,   1
   -64.184,    42.133,   -27.04,      0,   1
   -67.266,    42.750,  -219.44,      0,   1
   -63.220,    41.795,   -12.61,      0,   1
   -59.241,    42.005,    -8.27,      0,   1
   -69.629,    43.530,   -61.47,      0,   1
   -65.720,    42.484,  -111.68,      0,   1
   -61.118,    39.330,    -2.57,      0,   1
   -66.506,    43.882,   -15.77,      0,   1
   -69.458,    41.061,    -6.87,      0,   1
   -66.894,    42.492,  -238.26,      0,   1
   -66.211,    42.846,   -65.71,      0,   1
   -67.327,    39.758,    -6.50,      0,   1
   -69.888,    39.673,   -12.75,     -3,   1
   -60.099,    41.306,   -14.58,      0,   1
   -63.456,    40.346,  -301.02,      0,   1
   -60.499,    41.872,   -32.16,      0,   1
   -61.611,    39.399,    -3.32,      0,   1
   -63.122,    40.679,   -37.99,      0,   1
   -55.653,    41.141,   -54.16,      0,   1
   -70.492,    40.799,   -44.40,     -3,   1
   -68.568,    41.720,   -67.85,      0,   1
   -65.335,    41.687,    -8.10,      0,   1
   -64.809,    40.526,  -187.46,      0,   1
   -64.922,    40.634,    -4.34,      0,   1
   -69.243,    41.454,   -35.37,      0,   1
   -62.118,    41.345,   -42.61,      0,   1
   -65.220,    40.642,   -28.07,      0,   1
   -58.096,    40.221,    -6.44,      0,   1
   -64.940,    42.008,    -2.92,      0,   1
   -68.083,    41.293,   -36.27,      0,   1
   -63.379,    43.521,   -64.64,      0,   1
   -60.641,    44.869,    -6.49,      0,   1
   -63.505,    39.929,  -166.27,      0,   1
   -65.271,    40.848,   -41.92,      0,   1
   -67.336,    40.215,   -13.76,      0,   1
   -68.412,    41.492,   -54.09,      0,   1
   -68.211,    42.110,  -158.80,      0,   1
   -69.796,    42.407,  -159.16,      0,   1
   -69.724,    40.653,    -4.39,      0,   1
   -68.232,    41.551,   -42.78,      0,   1
   -68.136,    43.013,    -4.52,      0,   1
   -63.253,    40.643,   -83.97,      0,   1
   -67.368,    43.422,    -0.24,      0,   1
   -66.632,    41.367,   -39.19,      0,   1
   -65.568,    40.482,   -10.74,      0,   1
   -60.016,    39.938,   -27.61,      0,   1
   -59.649,    45.857,   -45.28,      0,   1
   -63.758,    41.136,   -43.32,      0,   1
   -59.814,    46.326,   -49.30,      0,   1
   -68.828,    42.635,    -1.01,      0,   1
   -59.575,    49.986,   -43.77,      0,   1
   -63.287,    40.588,   -88.98,      0,   1
   -59.959,    49.037,  -132.31,      0,   1
   -65.239,    42.077,    -3.74,      0,   1
   -60.518,    47.348,   -99.32,      0,   1
   -64.851,    41.462,    -7.09,      0,   1
   -60.036,    48.568,    -9.69,      0,   1
   -66.743,    40.646,    -4.10,      0,   1
   -59.500,    48.171,  -138.65,      0,   1
   -59.635,    42.009,    -7.77,      0,   1
   -60.172,    48.965,    -7.96,      0,   1
   -60.468,    40.891,   -14.45,      0,   1
   -59.562,    48.279,   -73.15,      0,   1
   -62.401,    41.977,    -5.42,      0,   1
   -59.563,    48.025,  -160.14,      0,   1
   -62.678,    39.386,  -119.80,      0,   1
   -59.865,    47.638,   -43.00,      0,   1
   -58.843,    41.869,    -4.54,      0,   1
   -59.967,    47.921,   -51.66,      0,   1
   -63.133,    41.237,    -2.29,      0,   1
   -59.877,    49.190,   -97.44,      0,   1
   -63.684,    40.998,   -15.79,      0,   1
   -60.055,    47.403,  -136.95,      0,   1
   -66.104,    43.417,   -13.18,      0,   1
   -60.619,    47.456,   -61.63,      0,   1
   -67.743,    40.494,  -121.39,      0,   1
   -57.372,    41.569,    -9.50,      0,   1
   -61.037,    41.977,   -15.72,      0,   1
   -65.984,    43.095,   -36.86,      0,   1
   -67.328,    43.526,  -138.33,      0,   1
   -61.880,    47.106,   -16.97,      0,   1
   -61.138,    47.164,   -41.90,      0,   1
   -60.336,    46.476,   -10.69,      0,   1
   -60.660,    44.506,   -61.67,      0,   1
   -60.557,    47.691,  -118.11,      0,   1
   -60.990,    44.098,   -57.09,      0,   1
   -64.117,    43.428,  -107.86,      0,   1
   -66.328,    44.538,   -84.19,      0,   1
   -67.475,    43.308,  -140.73,      0,   1
   -60.231,    48.174,   -71.55,      0,   1
   -59.172,    48.586,   -45.44,      0,   1
   -60.447,    47.420,  -137.89,      0,   1
   -59.981,    49.103,  -107.78,      0,   1
   -59.976,    46.941,   -27.20,      0,   1
   -58.867,    49.383,    -0.84,      0,   1
   -59.395,    49.134,    -7.36,      0,   1
   -60.424,    47.669,   -97.46,      0,   1
   -60.567,    47.494,    -8.10,      0,   1
   -59.667,    49.336,   -37.57,      0,   1
   -59.280,    48.347,   -18.63,      0,   1
   -59.267,    48.500,   -63.67,      0,   1
   -59.287,    48.450,   -37.58,      0,   1
   -59.819,    48.881,   -14.27,      0,   1
   -59.413,    45.740,    -4.85,      0,   1
   -60.048,    48.635,  -232.31,      0,   1
   -57.065,    47.283,    -6.33,      0,   1
   -59.483,    49.148,    -7.48,      0,   1
   -59.863,    49.111,  -110.74,      0,   1
   -58.793,    45.035,   -21.26,      0,   1
   -58.129,    47.433,   -28.83,      0,   1
   -59.586,    48.627,  -146.15,      0,   1
   -60.034,    47.316,  -205.57,      0,   1
   -56.218,    46.938,    -2.51,      0,   1
   -59.493,    48.721,  -128.94,      0,   1
   -60.833,    48.890,  -110.55,      0,   1
   -59.274,    48.753,   -12.82,      0,   1
   -59.299,    49.299,   -34.00,      0,   1
   -59.703,    49.489,   -86.95,      0,   1
   -60.067,    45.623,   -51.30,      0,   1
   -57.930,    45.460,   -64.90,      0,   1
   -54.836,    47.158,   -60.26,      0,   1
   -50.550,    41.904,   -23.70,     -3,   1
   -54.540,    47.244,   -11.18,      0,   1
   -55.675,    46.351,   -53.83,      0,   1
   -55.123,    47.029,   -32.46,      0,   1
   -55.754,    46.493,  -122.82,      0,   1
   -55.042,    47.192,   -19.60,      0,   1
   -50.173,    45.041,   -52.72,      0,   1
   -56.184,    46.644,   -72.33,      0,   1
   -48.778,    45.810,   -33.93,      0,   1
   -55.496,    46.251,  -129.20,      0,   1
   -59.127,    49.512,   -81.57,      0,   1
   -59.999,    49.226,   -41.12,      0,   1
   -60.349,    47.063,   -52.75,      0,   1
   -56.439,    40.707,   -24.73,      0,   1
   -59.535,    46.518,   -10.06,      0,   1
   -59.922,    47.113,  -105.82,      0,   1
   -61.516,    46.681,   -61.73,      0,   1
   -60.139,    47.402,  -147.83,      0,   1
   -60.989,    45.415,    -5.73,      0,   1
   -48.915,    44.938,    -5.79,      0,   1
   -59.348,    45.194,    -5.63,      0,   1
   -58.068,    47.158,   -71.35,      0,   1
   -60.023,    47.167,  -231.50,      0,   1
   -61.085,    46.939,   -47.12,      0,   1
   -54.428,    44.834,   -49.57,      0,   1
   -49.753,    46.700,   -22.94,      0,   1
   -53.869,    46.041,   -74.39,      0,   1
   -53.887,    45.840,   -45.95,      0,   1
   -51.739,    46.361,   -41.50,      0,   1
   -54.676,    46.256,   -65.89,      0,   1
   -51.536,    44.867,   -52.36,      0,   1
   -51.912,    46.469,   -60.39,      0,   1
   -51.042,    45.861,   -57.08,      0,   1
   -52.984,    44.029,    -7.68,      0,   1
   -51.245,    46.357,   -39.04,      0,   1
   -54.902,    45.272,   -87.31,      0,   1
   -48.599,    44.216,    -3.95,      0,   1
   -59.954,    48.907,  -101.59,      0,   1
   -56.183,    42.997,   -22.60,      0,   1
   -58.279,    46.522,    -9.40,      0,   1
   -50.172,    44.525,   -24.54,      0,   1
   -59.814,    48.901,   -32.82,      0,   1
   -51.283,    46.306,   -27.88,      0,   1
   -60.468,    47.916,   -50.58,      0,   1
   -49.676,    43.791,   -66.51,      0,   1
   -59.426,    48.413,  -106.75,      0,   1
   -58.898,    44.985,   -27.43,      0,   1
   -59.858,    48.846,   -20.27,      0,   1
   -50.955,    46.225,   -70.85,      0,   1
   -59.624,    48.590,  -134.39,      0,   1
   -51.075,    46.274,   -20.68,      0,   1
   -59.437,    48.562,   -90.70,      0,   1
   -49.880,    47.151,   -18.59,      0,   1
   -60.047,    49.000,   -13.41,      0,   1
   -55.612,    44.836,   -42.38,      0,   1
   -58.300,    50.818,   -76.06,      0,   1
   -54.929,    45.054,   -48.49,      0,   1
   -60.024,    49.299,   -63.81,      0,   1
   -49.368,    45.636,   -26.52,      0,   1
   -57.978,    47.472,   -20.08,      0,   1
   -52.745,    43.901,    -6.21,      0,   1
   -59.767,    49.397,   -26.72,      0,   1
   -50.421,    45.612,   -51.65,      0,   1
   -60.110,    49.491,   -44.91,      0,   1
   -54.773,    45.771,    -9.76,      0,   1
   -59.788,    49.389,  -146.15,      0,   1
   -53.363,    46.491,   -38.95,      0,   1
   -59.808,    49.123,  -142.96,      0,   1
   -54.130,    46.341,   -17.44,      0,   1
   -60.209,    48.767,  -198.20,      0,   1
   -53.634,    43.880,    -6.71,      0,   1
   -56.345,    47.577,   -27.59,      0,   1
   -49.954,    43.730,    -4.70,      0,   1
   -55.788,    47.273,   -15.43,      0,   1
   -50.665,    46.725,   -63.07,      0,   1
   -59.819,    48.302,    -8.41,      0,   1
   -50.751,    46.005,   -43.50,      0,   1
   -55.835,    46.575,  -107.84,      0,   1
   -59.217,    49.613,   -40.87,      0,   1
   -56.187,    47.591,   -41.07,      0,   1
   -55.451,    46.220,  -128.61,      0,   1
   -59.892,    49.331,   -82.01,      0,   1
   -56.271,    47.402,   -60.71,      0,   1
   -55.476,    46.238,  -130.19,      0,   1
   -59.778,    49.343,   -33.38,      0,   1
   -55.701,    47.156,   -18.79,      0,   1
   -54.694,    47.001,  -119.83,      0,   1
   -59.776,    49.317,   -69.94,      0,   1
   -55.743,    47.250,   -60.17,      0,   1
   -48.362,    47.046,   -27.80,      0,   1
   -55.578,    46.342,  -135.72,      0,   1
   -59.887,    49.243,   -63.69,      0,   1
   -56.496,    47.445,   -90.05,      0,   1
   -56.201,    47.317,   -39.93,      0,   1
   -56.450,    46.319,    -5.21,      0,   1
   -56.054,    46.655,   -75.58,      0,   1
   -49.853,    46.113,   -15.80,      0,   1
   -55.046,    47.127,    -7.38,      0,   1
   -57.064,    46.138,  -154.64,      0,   1
   -50.351,    46.791,   -50.22,      0,   1
   -62.737,    43.083,   -79.58,      0,   1
   -57.919,    50.992,   -11.28,      0,   1
   -59.435,    49.093,   -49.25,      0,   1
   -59.919,    47.161,  -139.31,      0,   1
   -67.496,    42.519,    -5.35,      0,   1
   -64.656,    40.949,    -3.62,      0,   1
   -63.283,    40.606,   -84.24,      0,   1
   -63.319,    40.559,   -93.52,      0,   1
   -63.260,    40.640,   -79.22,      0,   1
   -64.770,    40.502,   -35.08,      0,   1
   -65.188,    40.618,   -17.06,      0,   1
   -55.835,    41.766,    -5.17,      0,   1
   -59.111,    42.018,    -0.76,      0,   1
   -66.769,    41.372,   -53.57,      0,   1
   -63.165,    40.258,    -7.96,      0,   1
   -59.280,    41.974,    -6.37,      0,   1
   -65.186,    40.574,    -7.60,      0,   1
   -55.944,    42.688,    -7.14,      0,   1
   -66.606,    42.294,  -161.74,      0,   1
   -67.899,    42.867,   -49.46,      0,   1
   -62.746,    40.980,   -31.30,      0,   1
   -66.824,    41.772,    -4.30,      0,   1
   -69.709,    42.989,  -114.43,      0,   1
   -70.214,    42.487,   -86.60,      0,   1
   -66.844,    40.517,    -2.79,      0,   1
   -69.687,    43.007,  -102.68,      0,   1
   -67.607,    42.266,  -108.72,      0,   1
   -66.686,    44.340,   -37.23,      0,   1
   -63.139,    39.720,   -10.72,      0,   1
   -65.480,    40.793,   -84.95,      0,   1
   -67.057,    43.526,   -86.79,      0,   1
   -69.352,    39.406,  -109.94,      0,   1
   -63.874,    37.610,     0.00,     -3,   1
   -63.849,    37.618,    -1.16,     -3,   1
   -65.289,    41.409,  -170.51,      0,   1
   -69.187,    40.876,    -1.60,      0,   1
   -63.173,    46.565,    -6.85,      0,   1
   -60.327,    47.348,  -182.56,      0,   1
   -63.163,    40.750,   -74.29,      0,   1
   -58.615,    45.004,   -14.06,      0,   1
   -59.692,    46.834,  -175.09,      0,   1
   -59.659,    46.654,   -16.28,      0,   1
   -66.221,    40.803,    -7.46,      0,   1
   -59.897,    47.024,  -132.52,      0,   1
   -59.669,    46.415,   -24.40,      0,   1
   -60.397,    47.349,  -150.98,      0,   1
   -69.882,    39.661,   -19.08,     -3,   1
   -63.363,    42.926,   -21.66,      0,   1
   -59.872,    47.140,   -46.66,      0,   1
   -60.533,    44.630,   -91.09,      0,   1
   -55.545,    42.110,  -140.81,      0,   1
   -60.027,    46.451,   -46.72,      0,   1
   -60.896,    47.768,   -16.44,      0,   1
   -61.408,    48.054,   -29.40,      0,   1
   -54.873,    41.534,   -10.20,      0,   1
   -60.274,    47.001,   -53.02,      0,   1
   -60.871,    47.993,   -81.09,      0,   1
   -60.636,    48.812,   -46.60,      0,   1
   -59.104,    45.925,   -48.57,      0,   1
   -58.767,    46.840,   -27.85,      0,   1
   -58.572,    43.794,   -10.99,      0,   1
   -59.484,    45.980,   -30.64,      0,   1
   -59.427,    45.723,   -43.04,      0,   1
   -60.334,    47.480,  -190.91,      0,   1
   -59.114,    45.911,   -47.57,      0,   1
   -57.597,    46.954,   -38.30,      0,   1
   -57.464,    40.410,    -7.21,      0,   1
   -59.758,    46.409,   -65.85,      0,   1
   -59.798,    48.979,  -109.36,      0,   1
   -62.509,    48.832,   -21.22,      0,   1
   -58.596,    49.228,    -7.79,      0,   1
   -60.452,    47.379,   -25.02,      0,   1
   -57.499,    44.895,  -102.34,      0,   1
   -60.111,    46.900,  -113.40,      0,   1
   -59.908,    45.535,    -4.53,      0,   1
   -59.300,    45.176,    -8.13,      0,   1
   -60.043,    47.039,  -198.14,      0,   1
   -59.702,    46.822,  -161.86,      0,   1
   -60.484,    47.875,   -69.55,      0,   1
   -57.511,    51.098,    -4.27,      0,   1
   -59.970,    48.468,   -51.59,      0,   1
   -57.850,    50.991,   -54.14,      0,   1
   -67.408,    43.293,  -176.45,      0,   1
   -64.956,    45.322,    -7.86,      0,   1
   -66.333,    44.863,   -18.81,      0,   1
   -60.107,    48.941,  -138.63,      0,   1
   -59.221,    48.524,   -54.97,      0,   1
   -58.075,    46.710,   -40.14,      0,   1
   -60.082,    46.628,   -23.85,      0,   1
   -60.196,    47.070,  -123.00,      0,   1
   -59.643,    48.180,  -149.74,      0,   1
   -59.924,    49.153,  -103.05,      0,   1
   -59.023,    48.185,   -33.42,      0,   1
   -59.492,    48.853,   -19.22,      0,   1
   -57.645,    45.770,    -5.29,      0,   1
   -61.035,    48.910,   -73.37,      0,   1
   -60.232,    50.028,   -32.14,      0,   1
   -61.606,    48.964,   -71.39,      0,   1
   -59.658,    49.421,   -12.74,      0,   1
   -59.548,    45.821,   -21.22,      0,   1
   -58.126,    50.548,   -31.77,      0,   1
   -59.829,    49.178,  -180.29,      0,   1
   -59.569,    49.104,   -87.07,      0,   1
   -59.881,    47.471,  -215.40,      0,   1
   -59.911,    47.568,  -117.68,      0,   1
   -59.069,    46.327,   -11.64,      0,   1
   -57.851,    50.354,  -106.43,      0,   1
   -59.676,    49.310,   -34.32,      0,   1
   -57.239,    43.595,    -2.83,      0,   1
   -59.708,    45.844,   -39.98,      0,   1
   -54.077,    47.179,    -7.72,      0,   1
   -50.099,    46.113,   -18.35,      0,   1
   -54.051,    47.171,   -21.47,      0,   1
   -55.223,    46.937,   -15.13,      0,   1
   -54.968,    47.177,   -43.36,      0,   1
   -54.839,    47.080,   -78.68,      0,   1
   -54.742,    46.636,   -43.30,      0,   1
   -59.062,    44.924,   -30.63,      0,   1
   -50.708,    43.282,    -6.44,      0,   1
   -54.136,    46.796,   -32.03,      0,   1
   -52.986,    43.682,    -6.20,      0,   1
   -59.578,    49.171,   -64.66,      0,   1
   -61.212,    46.836,   -43.41,      0,   1
   -68.325,    40.128,   -36.67,      0,   1
   -59.446,    45.118,    -5.50,      0,   1
   -60.189,    46.832,   -71.84,      0,   1
   -61.979,    46.148,   -31.92,      0,   1
   -60.151,    47.399,  -145.21,      0,   1
   -61.156,    42.624,    -5.37,      0,   1
   -55.183,    45.951,  -106.56,      0,   1
   -51.568,    43.578,   -46.48,      0,   1
   -60.752,    43.316,  -428.25,      0,   1
   -48.101,    46.362,   -36.94,      0,   1
   -50.851,    46.233,   -53.86,      0,   1
   -50.459,    45.247,   -35.56,      0,   1
   -52.600,    46.206,   -55.58,      0,   1
   -53.239,    45.556,    -8.27,      0,   1
   -51.326,    43.461,   -37.86,      0,   1
   -50.883,    42.960,    -4.74,      0,   1
   -49.764,    44.757,   -34.99,      0,   1
   -53.153,    43.087,    -5.39,      0,   1
   -57.363,    45.050,   -11.16,      0,   1
   -59.789,    45.895,   -31.36,      0,   1
   -48.534,    44.172,    -4.52,      0,   1
   -59.918,    49.273,  -179.58,      0,   1
   -51.320,    43.354,    -8.40,      0,   1
   -59.048,    49.800,  -198.23,      0,   1
   -51.665,    43.678,   -24.06,      0,   1
   -59.483,    48.955,  -160.17,      0,   1
   -51.224,    46.095,   -70.30,      0,   1
   -59.569,    49.245,   -48.33,      0,   1
   -51.820,    46.396,   -54.27,      0,   1
   -60.160,    48.454,   -29.61,      0,   1
   -53.827,    46.130,    -7.88,      0,   1
   -59.933,    49.217,   -38.03,      0,   1
   -51.720,    44.303,   -15.39,      0,   1
   -59.727,    49.352,   -43.62,      0,   1
   -54.107,    45.496,   -10.66,      0,   1
   -59.798,    49.308,   -84.89,      0,   1
   -54.373,    45.824,    -8.86,      0,   1
   -58.854,    50.100,   -96.39,      0,   1
   -53.358,    43.371,    -2.24,      0,   1
   -59.840,    49.139,  -127.31,      0,   1
   -54.218,    45.413,   -84.85,      0,   1
   -59.639,    49.270,   -97.31,      0,   1
   -59.160,    44.721,   -40.49,      0,   1
   -59.821,    49.183,  -114.18,      0,   1
   -52.082,    46.173,   -65.90,      0,   1
   -59.651,    49.219,   -83.37,      0,   1
   -52.933,    44.790,   -80.24,      0,   1
   -60.268,    46.352,   -20.01,      0,   1
   -52.513,    43.908,    -4.70,      0,   1
   -60.000,    48.814,  -229.54,      0,   1
   -52.062,    46.767,   -29.77,      0,   1
   -59.319,    48.665,   -78.23,      0,   1
   -49.435,    44.307,   -70.75,      0,   1
   -59.221,    50.429,   -44.20,      0,   1
   -52.990,    44.774,   -19.02,      0,   1
   -55.893,    46.219,   -50.58,      0,   1
   -50.688,    45.347,   -39.95,      0,   1
   -60.624,    48.052,   -13.60,      0,   1
   -58.560,    47.427,  -131.54,      0,   1
   -51.188,    43.423,   -38.42,      0,   1
   -59.683,    49.186,   -86.37,      0,   1
   -59.013,    47.074,   -22.51,      0,   1
   -51.430,    45.168,   -12.01,      0,   1
   -59.849,    49.381,  -106.05,      0,   1
   -55.904,    46.389,   -48.01,      0,   1
   -55.503,    46.277,  -133.29,      0,   1
   -59.577,    49.181,   -60.53,      0,   1
   -56.699,    47.536,   -42.53,      0,   1
   -56.003,    46.432,  -120.49,      0,   1
   -59.979,    48.035,  -314.69,      0,   1
   -57.368,    47.581,   -40.76,      0,   1
   -55.123,    47.029,   -34.32,      0,   1
   -59.022,    49.883,   -61.92,      0,   1
   -57.202,    47.412,    -7.53,      0,   1
   -49.480,    44.688,   -63.60,      0,   1
   -56.003,    46.622,   -98.63,      0,   1
   -59.223,    48.527,   -55.03,      0,   1
   -54.825,    47.172,   -58.37,      0,   1
   -55.006,    47.080,   -53.00,      0,   1
   -51.445,    45.427,   -38.89,      0,   1
   -54.859,    46.973,  -106.09,      0,   1
   -48.938,    46.043,    -7.16,      0,   1
   -55.175,    46.211,  -154.52,      0,   1
   -55.249,    46.914,   -32.17,      0,   1
   -60.032,    49.305,   -63.94,      0,   1
   -57.976,    50.539,   -99.46,      0,   1
   -63.564,    41.607,    -8.59,      0,   1
   -66.940,    41.262,   -24.35,      0,   1
   -69.818,    41.245,    -7.13,      0,   1
   -69.864,    41.739,   -33.59,      0,   1
   -66.844,    41.385,   -42.87,      0,   1
   -63.496,    43.810,   -24.93,      0,   1
   -66.838,    42.771,   -34.09,      0,   1
   -63.007,    40.814,   -21.09,      0,   1
   -64.261,    41.789,   -24.90,      0,   1
   -63.231,    40.632,   -69.41,      0,   1
   -61.224,    39.543,   -19.52,      0,   1
   -63.051,    39.755,   -11.69,      0,   1
   -67.055,    43.359,  -116.40,      0,   1
   -64.249,    41.498,   -29.08,      0,   1
   -62.959,    41.234,    -1.48,      0,   1
   -62.576,    41.351,    -9.78,      0,   1
   -65.149,    40.598,   -18.21,      0,   1
   -63.512,    43.575,   -14.67,      0,   1
   -61.932,    43.809,   -42.15,      0,   1
   -63.447,    39.905,  -118.40,      0,   1
   -63.551,    40.098,   -24.16,      0,   1
   -66.086,    42.927,   -43.76,      0,   1
   -69.825,    41.912,   -10.55,      0,   1
   -64.025,    41.891,   -21.35,      0,   1
   -60.225,    38.812,     0.13,     -3,   1
   -67.013,    41.187,   -26.94,      0,   1
   -66.944,    43.739,  -118.34,      0,   1
   -68.644,    41.621,   -22.63,      0,   1
   -67.437,    40.471,   -10.20,      0,   1
   -67.114,    41.512,   -26.93,      0,   1
   -66.352,    39.957,    -4.52,      0,   1
   -61.518,    41.424,   -23.25,      0,   1
   -62.322,    41.192,   -55.08,      0,   1
   -55.027,    40.683,   -27.00,      0,   1
   -65.421,    41.158,   -78.72,      0,   1
   -61.839,    41.217,   -75.36,      0,   1
   -62.736,    39.582,    -6.15,      0,   1
   -68.618,    41.202,   -13.45,      0,   1
   -63.127,    39.864,    -7.78,      0,   1
   -60.867,    41.588,   -17.54,      0,   1
   -65.495,    40.907,   -22.85,      0,   1
   -59.566,    43.422,    -0.37,      0,   1
   -64.220,    41.510,   -14.01,      0,   1
   -54.790,    41.604,    -0.71,      0,   1
   -64.607,    41.927,   -19.45,      0,   1
   -59.367,    40.981,   -13.58,      0,   1
   -62.593,    40.626,   -16.92,      0,   1
   -54.923,    40.524,    -2.57,     -3,   1
   -65.544,    40.862,   -48.85,      0,   1
   -60.193,    46.329,   -13.38,      0,   1
   -69.249,    41.530,   -41.56,      0,   1
   -68.765,    41.655,   -48.36,      0,   1
   -60.509,    39.670,   -29.78,      0,   1
   -62.912,    39.569,   -27.74,      0,   1
   -69.360,    42.442,  -117.13,      0,   1
   -68.699,    41.409,   -43.27,      0,   1
   -65.124,    40.645,   -70.39,      0,   1
   -69.654,    42.196,  -151.08,      0,   1
   -69.622,    41.422,   -17.52,      0,   1
   -62.750,    40.972,   -37.62,      0,   1
   -67.593,    41.415,   -12.64,      0,   1
   -63.973,    40.655,    -6.69,      0,   1
   -67.293,    43.574,   -23.25,      0,   1
   -69.567,    41.494,   -43.77,      0,   1
   -67.233,    43.885,   -54.82,      0,   1
   -60.011,    49.085,  -105.33,      0,   1
   -67.296,    40.047,    -1.05,      0,   1
   -60.325,    46.446,    -4.56,      0,   1
   -69.765,    42.381,   -23.51,      0,   1
   -58.207,    46.474,   -37.23,      0,   1
   -63.090,    40.616,   -29.73,      0,   1
   -60.102,    48.344,   -77.63,      0,   1
   -66.269,    42.781,    -9.37,      0,   1
   -60.540,    47.325,  -102.98,      0,   1
   -62.998,    40.697,   -14.77,      0,   1
   -59.362,    44.543,    -0.88,      0,   1
   -62.972,    40.776,    -1.64,      0,   1
   -58.872,    50.036,  -141.52,      0,   1
   -61.420,    39.430,   -72.36,      0,   1
   -58.286,    50.859,   -77.79,      0,   1
   -59.908,    44.676,   -36.55,      0,   1
   -60.434,    46.499,   -21.38,      0,   1
   -56.697,    41.429,   -16.86,      0,   1
   -59.612,    48.596,   -83.87,      0,   1
   -63.446,    40.621,    -0.99,      0,   1
   -60.310,    45.482,   -17.80,      0,   1
   -66.286,    44.101,   -36.61,      0,   1
   -59.935,    47.909,  -362.71,      0,   1
   -59.611,    42.181,    -9.35,      0,   1
   -59.725,    49.076,   -20.82,      0,   1
   -67.475,    42.624,  -146.48,      0,   1
   -60.353,    47.635,  -119.83,      0,   1
   -63.047,    37.884,    -2.78,     -3,   1
   -63.306,    40.565,  -105.35,      0,   1
   -60.324,    49.167,  -205.02,      0,   1
   -60.687,    45.545,    -7.32,      0,   1
   -61.977,    46.259,    -6.64,      0,   1
   -57.163,    45.446,   -51.57,      0,   1
   -67.553,    42.582,  -149.84,      0,   1
   -60.641,    42.177,   -37.98,      0,   1
   -67.576,    43.024,  -153.60,      0,   1
   -66.326,    42.778,   -20.28,      0,   1
   -57.511,    46.892,   -40.84,      0,   1
   -60.249,    41.141,   -22.66,      0,   1
   -61.082,    47.930,   -89.94,      0,   1
   -60.268,    46.420,   -31.02,      0,   1
   -63.238,    43.508,  -131.38,      0,   1
   -66.420,    43.349,   -40.08,      0,   1
   -67.465,    42.860,  -182.95,      0,   1
   -66.288,    44.159,   -33.71,      0,   1
   -59.922,    47.325,  -349.65,      0,   1
   -60.036,    48.706,   -16.21,      0,   1
   -60.224,    47.358,   -61.97,      0,   1
   -59.959,    47.478,  -258.36,      0,   1
   -61.145,    48.906,   -85.32,      0,   1
   -59.872,    47.433,  -247.56,      0,   1
   -59.928,    49.184,   -94.69,      0,   1
   -60.891,    48.824,  -100.39,      0,   1
   -61.562,    48.956,   -53.93,      0,   1
   -59.188,    50.495,   -36.45,      0,   1
   -59.903,    48.812,  -182.96,      0,   1
   -61.089,    48.939,   -25.39,      0,   1
   -59.830,    49.342,   -35.67,      0,   1
   -59.718,    49.407,  -195.83,      0,   1
   -60.051,    47.649,   -54.59,      0,   1
   -59.262,    48.737,   -73.76,      0,   1
   -60.242,    47.400,   -65.84,      0,   1
   -59.356,    48.397,   -83.25,      0,   1
   -56.324,    47.096,   -28.95,      0,   1
   -60.061,    49.299,   -94.58,      0,   1
   -59.786,    48.652,  -207.66,      0,   1
   -59.761,    49.170,   -84.80,      0,   1
   -59.317,    49.373,  -175.93,      0,   1
   -59.418,    49.277,   -58.65,      0,   1
   -59.146,    46.149,    -4.23,      0,   1
   -59.723,    49.283,   -45.00,      0,   1
   -58.265,    50.797,   -29.57,      0,   1
   -59.735,    47.134,  -145.14,      0,   1
   -60.520,    44.685,   -96.73,      0,   1
   -51.027,    46.690,   -43.46,      0,   1
   -54.516,    47.252,   -64.33,      0,   1
   -55.879,    46.473,  -120.03,      0,   1
   -55.818,    45.431,    -3.34,      0,   1
   -54.695,    47.092,   -13.42,      0,   1
   -55.639,    46.878,    -6.62,      0,   1
   -55.586,    46.894,    -5.52,      0,   1
   -51.541,    44.911,   -48.55,      0,   1
   -51.108,    47.083,   -59.97,      0,   1
   -50.278,    46.782,   -48.95,      0,   1
   -50.405,    46.789,   -52.65,      0,   1
   -55.217,    46.922,   -46.97,      0,   1
   -58.679,    50.162,  -153.36,      0,   1
   -55.516,    42.690,   -24.81,      0,   1
   -60.641,    47.072,   -67.96,      0,   1
   -61.605,    46.407,    -9.71,      0,   1
   -60.007,    47.051,  -232.31,      0,   1
   -59.974,    47.192,  -145.52,      0,   1
   -58.667,    45.001,   -45.19,      0,   1
   -60.189,    45.274,    -1.93,      0,   1
   -60.109,    42.073,   -14.69,      0,   1
   -60.831,    47.088,   -13.94,      0,   1
   -61.499,    46.514,   -46.28,      0,   1
   -62.453,    45.952,    -2.81,      0,   1
   -57.173,    45.350,   -43.74,      0,   1
   -59.909,    47.211,  -223.94,      0,   1
   -50.910,    44.184,   -60.99,      0,   1
   -52.382,    46.140,   -24.33,      0,   1
   -54.421,    46.764,  -103.66,      0,   1
   -54.036,    45.773,   -34.07,      0,   1
   -48.055,    47.066,   -32.74,      0,   1
   -54.945,    43.864,   -32.00,      0,   1
   -54.559,    46.827,  -146.93,      0,   1
   -51.295,    45.953,   -15.32,      0,   1
   -51.271,    44.401,   -56.39,      0,   1
   -54.258,    44.814,   -70.76,      0,   1
   -50.552,    45.551,   -56.37,      0,   1
   -57.395,    45.410,   -29.74,      0,   1
   -55.613,    46.453,   -72.94,      0,   1
   -50.076,    44.047,    -9.71,      0,   1
   -58.686,    50.115,   -79.37,      0,   1
   -56.229,    46.896,    -6.01,      0,   1
   -60.018,    48.732,  -231.42,      0,   1
   -50.685,    46.011,   -12.31,      0,   1
   -60.255,    47.771,   -31.79,      0,   1
   -51.308,    43.521,   -74.87,      0,   1
   -59.873,    48.888,   -12.21,      0,   1
   -51.366,    43.558,   -21.57,      0,   1
   -59.932,    47.473,   -24.62,      0,   1
   -49.897,    43.165,    -5.11,      0,   1
   -59.316,    49.330,  -173.94,      0,   1
   -50.699,    46.425,   -20.37,      0,   1
   -59.862,    49.382,   -20.35,      0,   1
   -51.905,    43.717,    -1.37,      0,   1
   -59.798,    49.370,   -19.54,      0,   1
   -54.034,    46.185,    -3.44,      0,   1
   -59.887,    49.350,   -91.40,      0,   1
   -50.116,    46.946,   -30.96,      0,   1
   -59.755,    49.430,  -149.34,      0,   1
   -49.656,    44.960,   -59.55,      0,   1
   -60.244,    47.100,   -28.82,      0,   1
   -49.451,    44.154,   -76.35,      0,   1
   -59.430,    48.478,   -99.07,      0,   1
   -56.426,    44.496,    -2.36,      0,   1
   -59.659,    49.323,   -95.62,      0,   1
   -51.748,    43.544,   -13.16,      0,   1
   -59.555,    49.268,   -82.53,      0,   1
   -49.420,    46.873,   -38.13,      0,   1
   -59.448,    46.873,   -34.87,      0,   1
   -48.340,    46.425,   -24.98,      0,   1
   -59.852,    48.684,  -228.48,      0,   1
   -54.795,    46.207,   -20.17,      0,   1
   -59.668,    48.710,   -16.82,      0,   1
   -52.115,    46.052,   -70.81,      0,   1
   -57.738,    47.620,   -46.60,      0,   1
   -50.956,    46.601,   -46.64,      0,   1
   -58.661,    47.541,   -58.41,      0,   1
   -53.063,    44.830,   -80.97,      0,   1
   -59.699,    49.274,  -100.83,      0,   1
   -48.069,    46.184,   -32.41,      0,   1
   -52.644,    46.289,  -112.76,      0,   1
   -59.321,    48.739,   -88.35,      0,   1
   -55.869,    47.508,   -36.80,      0,   1
   -55.128,    47.018,   -12.03,      0,   1
   -59.753,    49.361,  -148.16,      0,   1
   -57.673,    47.312,   -62.54,      0,   1
   -55.506,    46.331,  -139.44,      0,   1
   -57.905,    46.688,   -22.14,      0,   1
   -57.970,    47.592,   -20.18,      0,   1
   -51.096,    44.517,   -50.03,      0,   1
   -59.861,    49.449,  -126.06,      0,   1
   -56.312,    47.600,   -41.20,      0,   1
   -55.218,    46.211,  -151.44,      0,   1
   -59.236,    49.620,   -37.79,      0,   1
   -50.537,    46.713,   -43.11,      0,   1
   -55.154,    47.010,   -31.60,      0,   1
   -59.989,    48.762,  -152.39,      0,   1
   -54.887,    47.133,   -60.25,      0,   1
   -55.175,    45.793,   -12.69,      0,   1
   -55.219,    46.204,  -149.78,      0,   1
   -55.176,    46.880,   -64.14,      0,   1
   -54.287,    47.111,   -70.13,      0,   1
   -54.866,    47.245,   -40.29,      0,   1
   -54.002,    45.857,   -27.71,      0,   1
   -59.939,    48.741,  -131.75,      0,   1
   -58.657,    46.461,    -7.66,      0,   1
   -64.809,    40.434,    -6.46,      0,   1
   -63.301,    40.146,   -17.78,      0,   1
   -62.403,    41.313,   -34.47,      0,   1
   -62.937,    39.966,   -20.86,      0,   1
   -63.138,    39.977,    -8.10,      0,   1
   -60.160,    41.663,    -1.96,      0,   1
   -67.202,    42.505,  -104.44,      0,   1
   -67.265,    43.644,  -100.73,      0,   1
   -64.071,    40.668,   -40.52,      0,   1
   -64.691,    41.643,   -32.57,      0,   1
   -63.632,    41.611,    -6.16,      0,   1
   -56.706,    42.663,   -15.35,      0,   1
   -65.368,    41.014,   -51.90,      0,   1
   -67.412,    42.901,  -182.36,      0,   1
   -62.821,    40.943,   -30.99,      0,   1
   -69.818,    43.716,    -4.36,      0,   1
   -69.705,    42.058,  -110.76,      0,   1
   -69.016,    41.456,   -51.92,      0,   1
   -67.394,    44.010,   -50.46,      0,   1
   -67.745,    42.095,    -9.52,      0,   1
   -64.766,    42.055,    -1.29,      0,   1
   -67.714,    39.417,    -2.04,      0,   1
   -59.482,    42.038,    -2.09,      0,   1
   -59.775,    40.311,   -56.14,      0,   1
   -69.691,    42.079,  -104.56,      0,   1
   -60.558,    41.749,    -3.58,      0,   1
   -67.085,    42.622,   -88.87,      0,   1
   -62.937,    40.796,   -33.23,      0,   1
   -69.936,    39.765,  -404.30,     -3,   1
   -60.663,    41.355,   -23.36,      0,   1
   -59.818,    47.271,  -269.47,      0,   1
   -60.168,    46.557,    -7.90,      0,   1
   -65.366,    41.160,   -81.72,      0,   1
   -58.387,    44.998,   -32.02,      0,   1
   -57.286,    45.547,   -30.96,      0,   1
   -60.703,    45.103,    -8.85,      0,   1
   -63.463,    40.355,  -315.09,      0,   1
   -61.005,    46.698,   -24.92,      0,   1
   -62.344,    44.699,   -25.16,      0,   1
   -59.960,    47.281,  -144.91,      0,   1
   -67.467,    40.685,   -85.38,      0,   1
   -60.479,    47.519,   -94.35,      0,   1
   -60.316,    47.100,  -104.17,      0,   1
   -58.880,    43.446,   -15.27,      0,   1
   -54.296,    41.714,   -18.02,      0,   1
   -59.838,    47.039,  -235.25,      0,   1
   -60.243,    46.562,    -8.28,      0,   1
   -60.345,    47.539,   -46.31,      0,   1
   -60.086,    46.988,  -164.09,      0,   1
   -59.716,    44.873,   -49.76,      0,   1
   -60.694,    47.351,   -72.60,      0,   1
   -60.290,    47.260,   -61.52,      0,   1
   -57.772,    46.108,    -2.49,      0,   1
   -55.948,    43.861,   -23.09,      0,   1
   -59.554,    49.281,   -48.03,      0,   1
   -59.725,    46.632,   -41.78,      0,   1
   -58.874,    46.791,   -26.43,      0,   1
   -60.142,    47.906,   -61.45,      0,   1
   -60.127,    45.759,   -20.17,      0,   1
   -62.624,    41.438,   -28.86,      0,   1
   -58.638,    44.856,   -15.15,      0,   1
   -59.597,    48.634,  -148.12,      0,   1
   -59.702,    45.838,   -45.36,      0,   1
   -58.465,    45.153,   -14.78,      0,   1
   -61.773,    46.422,   -46.27,      0,   1
   -61.036,    47.580,   -38.38,      0,   1
   -60.057,    46.440,   -45.84,      0,   1
   -59.232,    42.244,   -10.55,      0,   1
   -57.477,    50.730,   -31.32,      0,   1
   -58.849,    45.825,    -4.62,      0,   1
   -59.664,    48.308,   -48.71,      0,   1
   -63.672,    42.918,   -60.16,      0,   1
   -57.265,    45.159,   -66.95,      0,   1
   -61.080,    47.008,   -55.88,      0,   1
   -59.538,    45.755,   -90.98,      0,   1
   -59.846,    46.882,   -98.93,      0,   1
   -59.188,    48.295,   -48.17,      0,   1
   -59.933,    47.643,  -128.57,      0,   1
   -59.670,    48.722,   -19.90,      0,   1
   -67.355,    43.435,  -170.69,      0,   1
   -66.796,    43.645,    -3.45,      0,   1
   -65.210,    45.345,    -7.96,      0,   1
   -60.361,    47.569,   -44.12,      0,   1
   -62.121,    48.848,  -118.87,      0,   1
   -59.924,    48.751,  -199.12,      0,   1
   -59.288,    46.745,   -31.92,      0,   1
   -60.288,    48.880,  -129.92,      0,   1
   -60.767,    49.887,   -18.69,      0,   1
   -60.176,    49.217,  -100.52,      0,   1
   -60.113,    47.241,  -158.64,      0,   1
   -59.779,    49.209,  -201.12,      0,   1
   -62.242,    46.686,    -4.64,      0,   1
   -57.156,    46.942,   -28.06,      0,   1
   -59.513,    48.360,   -93.16,      0,   1
   -59.373,    49.351,   -54.06,      0,   1
   -59.304,    49.103,  -170.56,      0,   1
   -60.206,    48.676,  -215.76,      0,   1
   -60.122,    47.920,    -2.52,      0,   1
   -59.822,    49.231,   -94.60,      0,   1
   -59.495,    48.375,  -126.99,      0,   1
   -59.806,    49.217,  -119.33,      0,   1
   -60.713,    47.245,   -36.69,      0,   1
   -57.570,    50.855,   -27.79,      0,   1
   -61.971,    48.835,  -108.15,      0,   1
   -59.812,    49.286,   -71.69,      0,   1
   -58.146,    50.245,  -109.27,      0,   1
   -60.658,    42.547,    -4.91,      0,   1
   -58.575,    44.720,    -8.67,      0,   1
   -57.714,    50.324,   -69.30,      0,   1
   -54.182,    47.204,   -45.73,      0,   1
   -55.542,    46.327,  -134.80,      0,   1
   -54.082,    47.402,   -23.09,      0,   1
   -54.032,    47.334,   -23.76,      0,   1
   -50.916,    45.790,   -45.71,      0,   1
   -54.762,    47.239,   -50.70,      0,   1
   -55.534,    46.287,  -131.96,      0,   1
   -54.448,    47.060,   -11.27,      0,   1
   -51.602,    45.128,   -24.41,      0,   1
   -54.816,    47.278,    -4.35,      0,   1
   -50.845,    43.950,   -40.89,      0,   1
   -57.889,    50.446,  -118.92,      0,   1
   -61.685,    46.385,    -6.48,      0,   1
   -60.217,    46.869,   -66.53,      0,   1
   -60.948,    47.211,   -63.60,      0,   1
   -60.050,    47.227,  -136.27,      0,   1
   -60.020,    46.672,   -62.23,      0,   1
   -60.912,    46.746,   -19.97,      0,   1
   -60.700,    46.945,   -40.63,      0,   1
   -50.897,    46.081,   -66.00,      0,   1
   -50.630,    44.144,   -17.13,      0,   1
   -49.381,    45.661,   -42.13,      0,   1
   -50.980,    45.971,   -57.28,      0,   1
   -49.437,    45.423,   -68.21,      0,   1
   -54.095,    44.874,  -265.00,      0,   1
   -50.826,    46.316,   -22.20,      0,   1
   -53.482,    46.556,   -17.14,      0,   1
   -50.066,    44.834,   -50.33,      0,   1
   -50.773,    44.400,   -37.93,      0,   1
   -56.859,    47.063,  -180.59,      0,   1
   -54.544,    45.249,  -107.52,      0,   1
   -50.934,    46.118,   -67.76,      0,   1
   -58.285,    50.825,   -78.45,      0,   1
   -57.276,    47.225,  -177.34,      0,   1
   -60.469,    49.833,   -45.97,      0,   1
   -55.820,    46.531,   -29.51,      0,   1
   -58.472,    46.805,    -2.88,      0,   1
   -51.138,    43.481,   -42.47,      0,   1
   -59.988,    48.740,  -151.29,      0,   1
   -49.656,    44.049,   -48.00,      0,   1
   -61.847,    46.917,   -14.32,      0,   1
   -50.550,    43.844,   -35.26,      0,   1
   -58.808,    49.213,    -7.31,      0,   1
   -49.490,    45.863,   -39.06,      0,   1
   -59.890,    48.576,   -55.21,      0,   1
   -50.860,    46.819,   -65.14,      0,   1
   -59.580,    49.286,   -73.72,      0,   1
   -49.625,    45.740,   -35.86,      0,   1
   -57.799,    50.589,   -76.32,      0,   1
   -49.648,    45.025,   -60.69,      0,   1
   -59.954,    49.394,  -110.94,      0,   1
   -51.042,    45.967,    -9.99,      0,   1
   -59.838,    49.289,   -22.14,      0,   1
   -51.789,    46.506,   -34.87,      0,   1
   -60.450,    47.912,   -24.62,      0,   1
   -55.060,    44.836,   -33.25,      0,   1
   -59.716,    49.302,   -96.02,      0,   1
   -49.508,    45.819,   -40.69,      0,   1
   -59.908,    47.955,  -325.70,      0,   1
   -57.310,    44.260,   -10.30,      0,   1
   -59.650,    49.087,   -44.63,      0,   1
   -54.292,    45.911,    -4.56,      0,   1
   -59.497,    48.524,  -115.75,      0,   1
   -51.186,    46.978,   -52.97,      0,   1
   -59.712,    48.748,  -138.74,      0,   1
   -54.086,    45.930,   -91.50,      0,   1
   -58.164,    50.425,  -141.66,      0,   1
   -49.284,    46.379,   -25.20,      0,   1
   -55.486,    47.394,   -18.15,      0,   1
   -55.710,    45.460,   -12.78,      0,   1
   -58.749,    49.478,   -15.99,      0,   1
   -57.777,    47.319,  -147.26,      0,   1
   -50.861,    46.168,   -11.24,      0,   1
   -57.856,    50.312,   -76.20,      0,   1
   -56.349,    47.315,  -105.74,      0,   1
   -50.855,    46.553,   -22.84,      0,   1
   -59.213,    49.651,   -48.57,      0,   1
   -51.153,    44.451,    -0.25,      0,   1
   -48.300,    46.451,   -24.64,      0,   1
   -59.707,    49.332,  -137.03,      0,   1
   -56.483,    47.529,   -22.00,      0,   1
   -55.879,    46.471,  -126.16,      0,   1
   -57.765,    50.389,   -95.67,      0,   1
   -56.442,    47.551,   -67.83,      0,   1
   -51.742,    46.854,   -92.78,      0,   1
   -57.716,    50.474,   -95.62,      0,   1
   -51.197,    44.456,   -26.92,      0,   1
   -59.606,    49.247,   -40.38,      0,   1
   -48.334,    46.440,   -20.10,      0,   1
   -52.702,    46.329,    -9.40,      0,   1
   -59.664,    49.214,   -67.51,      0,   1
   -54.123,    47.330,    -3.30,      0,   1
   -54.722,    47.207,   -61.75,      0,   1
   -55.981,    46.662,   -94.50,      0,   1
   -51.390,    45.226,    -4.59,      0,   1
   -54.961,    47.084,   -14.35,      0,   1
   -52.286,    46.388,   -63.01,      0,   1
   -55.469,    46.275,  -137.11,      0,   1
   -57.868,    50.450,  -114.82,      0,   1
   -63.742,    41.785,   -16.31,      0,   1
   -63.006,    41.797,    -3.85,      0,   1
   -63.634,    41.719,    -5.58,      0,   1
   -64.652,    41.116,   -46.73,      0,   1
   -65.199,    42.895,   -44.64,      0,   1
   -67.510,    42.847,  -147.90,      0,   1
   -64.612,    40.501,   -41.72,      0,   1
   -56.389,    42.093,   -31.55,      0,   1
   -62.416,    41.241,   -25.05,      0,   1
   -67.124,    41.927,    -2.59,      0,   1
   -59.761,    42.180,    -5.92,      0,   1
   -65.328,    41.023,   -18.22,      0,   1
   -63.018,    40.234,   -22.53,      0,   1
   -56.082,    42.224,   -11.12,      0,   1
   -57.019,    42.652,   -23.38,      0,   1
   -62.476,    43.681,   -98.27,      0,   1
   -62.807,    41.634,    -3.22,      0,   1
   -67.515,    42.212,    -3.43,      0,   1
   -63.639,    41.741,   -14.98,      0,   1
   -68.948,    42.271,  -173.12,      0,   1
   -69.346,    41.412,   -40.18,      0,   1
   -68.038,    41.182,    -4.87,      0,   1
   -60.320,    41.606,    -1.68,      0,   1
   -68.369,    41.792,   -35.99,      0,   1
   -55.934,    42.165,   -16.80,      0,   1
   -69.082,    42.438,  -167.88,      0,   1
   -64.185,    41.658,   -19.99,      0,   1
   -69.444,    42.848,  -137.53,      0,   1
   -70.245,    42.387,   -13.54,      0,   1
   -69.257,    41.031,   -23.34,      0,   1
   -63.136,    41.440,  -129.68,      0,   1
   -65.002,    40.854,   -36.64,      0,   1
   -69.538,    41.488,   -32.37,      0,   1
   -60.295,    41.163,   -12.19,      0,   1
   -65.112,    40.848,   -18.81,      0,   1
   -62.871,    41.094,  -146.72,      0,   1
   -66.490,    41.219,   -20.15,      0,   1
   -69.724,    41.261,    -3.84,      0,   1
   -62.907,    40.104,   -28.56,      0,   1
   -58.615,    40.656,   -21.62,      0,   1
   -64.425,    42.760,    -6.07,      0,   1
   -69.632,    41.538,   -35.81,      0,   1
   -56.287,    41.963,   -30.00,      0,   1
   -67.198,    41.200,   -23.07,      0,   1
   -69.191,    40.984,    -4.28,      0,   1
   -65.124,    41.155,   -62.54,      0,   1
   -69.909,    41.784,   -11.53,      0,   1
   -55.825,    41.586,   -34.01,      0,   1
   -60.050,    39.769,   -40.97,      0,   1
   -59.822,    47.042,  -227.48,      0,   1
   -69.492,    41.813,   -41.62,      0,   1
   -62.484,    39.652,   -20.01,      0,   1
   -62.832,    40.312,   -27.51,      0,   1
   -60.493,    39.429,   -10.37,      0,   1
   -62.650,    41.018,   -24.05,      0,   1
   -69.639,    40.530,    -7.71,      0,   1
   -68.888,    41.826,  -121.04,      0,   1
   -67.674,    42.523,   -73.06,      0,   1
   -63.286,    40.606,  -101.71,      0,   1
   -69.241,    42.668,   -76.68,      0,   1
   -65.881,    40.879,    -2.00,      0,   1
   -65.032,    42.110,    -0.61,      0,   1
   -69.708,    41.286,    -6.20,      0,   1
   -66.647,    42.831,   -41.95,      0,   1
   -62.353,    41.300,    -8.93,      0,   1
   -60.205,    47.623,  -101.87,      0,   1
   -61.647,    41.074,   -14.97,      0,   1
   -59.982,    48.871,   -76.15,      0,   1
   -56.585,    41.387,   -20.96,      0,   1
   -60.079,    47.185,  -114.68,      0,   1
   -62.721,    40.987,   -28.12,      0,   1
   -59.737,    49.031,   -25.75,      0,   1
   -56.746,    41.630,   -10.19,      0,   1
   -60.408,    45.214,   -10.26,      0,   1
   -63.173,    40.748,   -70.83,      0,   1
   -60.186,    49.024,  -143.11,      0,   1
   -62.644,    41.043,   -26.29,      0,   1
   -58.072,    45.491,   -18.91,      0,   1
   -56.502,    41.419,   -23.60,      0,   1
   -60.468,    47.215,   -68.03,      0,   1
   -63.421,    40.367,  -110.87,      0,   1
   -59.991,    46.428,   -12.61,      0,   1
   -63.844,    40.833,   -28.50,      0,   1
   -60.486,    47.742,   -73.72,      0,   1
   -67.124,    44.616,    -8.85,      0,   1
   -59.305,    48.371,   -81.14,      0,   1
   -66.943,    43.795,  -113.86,      0,   1
   -60.889,    48.749,  -122.97,      0,   1
   -62.056,    42.865,  -328.90,      0,   1
   -60.391,    47.864,   -63.15,      0,   1
   -62.241,    40.834,   -13.52,      0,   1
   -62.256,    39.529,   -18.87,      0,   1
   -59.720,    49.135,  -162.77,      0,   1
   -61.420,    46.569,   -48.47,      0,   1
   -67.566,    42.503,  -114.51,      0,   1
   -58.062,    46.495,    -4.54,      0,   1
   -63.688,    37.671,    -1.92,     -3,   1
   -66.533,    43.872,   -61.51,      0,   1
   -67.481,    42.318,   -84.15,      0,   1
   -62.749,    41.340,    -9.32,      0,   1
   -63.582,    41.754,   -19.99,      0,   1
   -59.061,    48.312,    -1.68,      0,   1
   -59.912,    47.194,  -129.00,      0,   1
   -60.335,    47.394,   -86.33,      0,   1
   -59.816,    47.099,  -232.31,      0,   1
   -52.405,    42.291,   -29.27,      0,   1
   -66.959,    43.577,  -159.51,      0,   1
   -67.081,    44.492,   -44.47,      0,   1
   -66.069,    44.734,   -46.15,      0,   1
   -60.620,    47.709,   -18.82,      0,   1
   -63.329,    47.680,    -7.24,      0,   1
   -59.955,    49.294,   -98.31,      0,   1
   -57.728,    51.077,   -20.21,      0,   1
   -59.608,    48.597,  -152.35,      0,   1
   -58.938,    49.194,   -12.87,      0,   1
   -57.646,    46.695,   -27.55,      0,   1
   -57.226,    51.032,   -18.81,      0,   1
   -59.734,    48.544,  -181.67,      0,   1
   -57.438,    50.550,   -23.71,      0,   1
   -60.124,    49.082,  -122.16,      0,   1
   -57.715,    46.152,    -2.95,      0,   1
   -59.256,    48.427,   -66.32,      0,   1
   -59.636,    48.945,   -73.58,      0,   1
   -59.997,    48.592,  -249.94,      0,   1
   -60.048,    47.222,  -125.13,      0,   1
   -59.551,    49.344,   -15.51,      0,   1
   -59.295,    48.745,   -82.55,      0,   1
   -59.673,    49.125,   -87.67,      0,   1
   -59.171,    50.100,   -66.89,      0,   1
   -59.655,    49.247,   -96.46,      0,   1
   -60.117,    46.769,   -32.47,      0,   1
   -59.671,    49.118,   -72.63,      0,   1
   -57.927,    47.098,    -6.68,      0,   1
   -59.543,    48.504,  -131.80,      0,   1
   -59.888,    49.353,   -49.91,      0,   1
   -55.806,    42.960,    -3.32,      0,   1
   -59.845,    49.229,   -54.35,      0,   1
   -59.908,    48.031,  -298.16,      0,   1
   -56.179,    45.797,   -46.51,      0,   1
   -55.570,    46.368,  -138.85,      0,   1
   -55.032,    47.084,   -49.08,      0,   1
   -49.332,    44.496,    -3.16,      0,   1
   -54.573,    47.066,   -11.86,      0,   1
   -55.642,    46.590,  -105.00,      0,   1
   -51.470,    45.960,   -16.88,      0,   1
   -56.597,    45.794,   -99.72,      0,   1
   -55.551,    46.741,   -72.07,      0,   1
   -54.182,    47.095,   -47.92,      0,   1
   -59.376,    49.112,   -19.40,      0,   1
   -59.948,    47.532,   -62.84,      0,   1
   -59.821,    46.990,  -116.95,      0,   1
   -60.091,    47.533,   -85.32,      0,   1
   -60.501,    47.595,  -153.95,      0,   1
   -58.706,    41.027,   -35.90,      0,   1
   -62.610,    44.279,    -1.55,      0,   1
   -60.122,    47.490,   -55.21,      0,   1
   -59.868,    47.278,  -138.10,      0,   1
   -59.809,    47.077,  -279.21,      0,   1
   -56.608,    47.429,   -26.15,      0,   1
   -61.920,    46.081,   -17.10,      0,   1
   -60.903,    46.972,   -58.58,      0,   1
   -61.117,    46.485,    -6.17,      0,   1
   -60.088,    47.475,  -140.01,      0,   1
   -55.878,    46.469,   -98.79,      0,   1
   -54.195,    46.302,  -108.44,      0,   1
   -55.135,    45.977,   -36.15,      0,   1
   -49.444,    46.501,   -37.17,      0,   1
   -59.163,    44.268,   -38.19,      0,   1
   -51.346,    44.448,   -21.67,      0,   1
   -49.033,    46.525,   -17.80,      0,   1
   -50.530,    43.712,   -31.92,      0,   1
   -51.616,    44.291,   -22.13,      0,   1
   -54.492,    44.104,   -23.55,      0,   1
   -50.414,    44.509,   -34.02,      0,   1
   -50.748,    43.831,   -41.11,      0,   1
   -53.949,    44.866,  -209.71,      0,   1
   -51.819,    44.752,   -46.55,      0,   1
   -58.708,    46.336,    -9.68,      0,   1
   -50.663,    45.862,   -58.21,      0,   1
   -59.498,    49.150,  -175.87,      0,   1
   -50.701,    46.062,   -75.21,      0,   1
   -58.158,    50.239,   -73.03,      0,   1
   -50.380,    43.184,    -1.15,      0,   1
   -60.098,    48.934,  -136.65,      0,   1
   -51.328,    46.288,   -60.06,      0,   1
   -59.574,    48.934,  -176.42,      0,   1
   -56.413,    45.122,   -18.75,      0,   1
   -59.810,    48.970,   -51.66,      0,   1
   -50.760,    44.079,   -16.13,      0,   1
   -59.811,    49.610,   -87.44,      0,   1
   -52.426,    46.268,    -8.14,      0,   1
   -60.140,    48.644,  -217.28,      0,   1
   -50.300,    44.452,   -19.67,      0,   1
   -60.105,    48.575,  -235.86,      0,   1
   -52.094,    46.083,   -61.39,      0,   1
   -59.876,    49.304,   -18.78,      0,   1
   -52.153,    45.510,    -0.15,      0,   1
   -59.803,    49.340,  -111.02,      0,   1
   -53.009,    46.457,   -84.10,      0,   1
   -59.420,    49.356,   -19.04,      0,   1
   -53.151,    45.363,   -55.87,      0,   1
   -59.303,    48.467,   -73.34,      0,   1
   -53.755,    45.975,   -14.02,      0,   1
   -59.669,    48.704,   -14.43,      0,   1
   -49.863,    44.648,   -30.13,      0,   1
   -59.715,    49.549,  -124.38,      0,   1
   -54.599,    45.030,   -38.07,      0,   1
   -59.724,    49.341,  -128.26,      0,   1
   -53.015,    46.434,   -91.23,      0,   1
   -59.739,    49.341,  -145.96,      0,   1
   -53.507,    46.542,   -24.03,      0,   1
   -57.758,    47.257,  -160.31,      0,   1
   -54.263,    46.944,   -62.69,      0,   1
   -59.783,    49.330,   -39.87,      0,   1
   -51.350,    45.763,   -22.12,      0,   1
   -50.873,    45.214,   -36.63,      0,   1
   -59.555,    49.922,   -27.59,      0,   1
   -57.878,    47.608,   -45.43,      0,   1
   -60.309,    42.702,    -5.64,      0,   1
   -60.609,    47.964,   -16.59,      0,   1
   -55.779,    47.253,   -11.19,      0,   1
   -55.643,    46.367,  -134.81,      0,   1
   -59.454,    48.766,  -129.41,      0,   1
   -56.174,    46.800,   -19.76,      0,   1
   -55.069,    46.105,  -137.76,      0,   1
   -59.380,    49.514,   -31.88,      0,   1
   -56.652,    47.514,   -13.89,      0,   1
   -55.473,    46.319,  -140.36,      0,   1
   -58.097,    50.495,   -85.89,      0,   1
   -54.176,    45.705,   -51.17,      0,   1
   -59.931,    49.228,   -33.66,      0,   1
   -50.249,    43.629,    -5.18,      0,   1
   -59.826,    49.337,   -60.79,      0,   1
   -54.323,    47.174,   -69.30,      0,   1
   -49.593,    44.402,    -2.13,      0,   1
   -59.497,    49.203,   -55.25,      0,   1
   -54.121,    47.183,   -11.16,      0,   1
   -54.769,    47.220,   -53.60,      0,   1
   -56.082,    44.621,   -18.98,      0,   1
   -52.102,    46.693,   -80.11,      0,   1
   -52.548,    45.685,   -43.47,      0,   1
   -50.688,    43.869,   -50.97,      0,   1
   -55.328,    45.888,  -116.16,      0,   1
   -59.324,    50.144,   -34.16,      0,   1
   -60.362,    46.520,   -28.54,      0,   1
   -66.376,    40.545,    -1.81,      0,   1
   -56.152,    42.230,   -24.30,      0,   1
   -62.138,    39.471,    -2.00,      0,   1
   -66.999,    44.432,   -45.55,      0,   1
   -59.067,    41.993,    -4.57,      0,   1
   -63.446,    40.316,  -114.80,      0,   1
   -62.975,    43.619,   -65.96,      0,   1
   -64.143,    40.634,   -37.12,      0,   1
   -61.181,    39.270,    -1.49,      0,   1
   -62.925,    44.039,   -45.61,      0,   1
   -62.721,    40.984,   -36.53,      0,   1
   -61.959,    39.537,   -17.52,      0,   1
   -67.523,    43.936,   -20.04,      0,   1
   -62.769,    40.997,   -34.72,      0,   1
   -64.664,    43.206,   -95.70,      0,   1
   -64.767,    41.609,    -3.40,      0,   1
   -67.172,    40.318,    -3.12,      0,   1
   -67.055,    41.896,   -19.19,      0,   1
   -69.372,    42.842,  -133.40,      0,   1
   -67.031,    41.470,   -17.20,      0,   1
   -56.617,    41.492,   -21.48,      0,   1
   -56.263,    42.267,   -26.33,      0,   1
   -59.806,    44.988,   -30.84,      0,   1
   -64.431,    40.556,   -90.96,      0,   1
   -70.431,    42.336,    -6.44,      0,   1
   -62.803,    39.784,   -26.36,      0,   1
   -64.780,    40.956,   -35.19,      0,   1
   -63.129,    37.857,    -0.55,     -3,   1
   -62.668,    39.629,   -21.68,      0,   1
   -63.052,    39.898,    -8.27,      0,   1
   -62.274,    43.809,    -0.99,      0,   1
   -62.320,    42.994,  -121.70,      0,   1
   -62.339,    41.251,   -38.98,      0,   1
   -60.170,    47.385,  -109.62,      0,   1
   -62.135,    42.698,   -22.27,      0,   1
   -62.184,    46.570,    -5.00,      0,   1
   -62.649,    40.932,   -20.74,      0,   1
   -60.267,    46.362,   -15.90,      0,   1
   -60.129,    47.391,   -60.81,      0,   1
   -55.307,    42.872,   -23.54,      0,   1
   -60.529,    39.633,   -15.64,      0,   1
   -59.688,    47.433,  -194.87,      0,   1
   -58.999,    44.818,   -72.07,      0,   1
   -58.773,    44.832,   -78.33,      0,   1
   -60.145,    47.323,  -137.37,      0,   1
   -58.269,    45.164,   -35.33,      0,   1
   -60.189,    46.436,   -19.32,      0,   1
   -61.271,    48.247,   -56.99,      0,   1
   -60.986,    46.912,   -39.62,      0,   1
   -55.802,    46.261,    -0.16,      0,   1
   -59.957,    47.427,  -119.02,      0,   1
   -60.297,    47.532,  -147.81,      0,   1
   -60.717,    47.068,   -66.94,      0,   1
   -61.337,    48.242,   -51.37,      0,   1
   -60.091,    48.541,   -95.32,      0,   1
   -60.345,    48.117,   -81.78,      0,   1
   -59.711,    47.363,  -179.36,      0,   1
   -59.969,    46.326,   -26.99,      0,   1
   -59.753,    47.546,  -132.00,      0,   1
   -56.827,    40.790,   -21.82,      0,   1
   -57.841,    47.054,   -19.23,      0,   1
   -60.883,    47.613,   -42.40,      0,   1
   -60.094,    46.439,   -15.50,      0,   1
   -58.852,    46.714,   -12.98,      0,   1
   -60.949,    47.685,   -16.76,      0,   1
   -65.081,    39.934,    -3.77,      0,   1
   -58.289,    46.672,   -15.95,      0,   1
   -59.919,    48.762,   -71.26,      0,   1
   -58.678,    49.265,    -7.06,      0,   1
   -59.935,    46.704,  -101.90,      0,   1
   -59.582,    45.973,   -18.84,      0,   1
   -59.957,    47.063,  -125.80,      0,   1
   -60.888,    47.086,   -48.23,      0,   1
   -61.339,    44.761,   -34.56,      0,   1
   -61.095,    47.867,   -51.00,      0,   1
   -59.509,    44.399,   -17.45,      0,   1
   -60.262,    48.263,   -13.66,      0,   1
   -60.346,    47.172,   -77.45,      0,   1
   -60.256,    47.530,   -98.92,      0,   1
   -60.700,    47.966,   -93.24,      0,   1
   -67.161,    44.480,    -5.18,      0,   1
   -66.311,    44.759,   -22.24,      0,   1
   -67.243,    44.503,   -19.60,      0,   1
   -60.040,    49.193,  -187.01,      0,   1
   -59.704,    47.673,  -121.51,      0,   1
   -59.986,    47.280,   -51.34,      0,   1
   -59.590,    48.557,  -144.48,      0,   1
   -59.716,    49.182,   -24.30,      0,   1
   -58.736,    50.675,   -30.53,      0,   1
   -59.565,    45.704,   -99.36,      0,   1
   -57.680,    50.708,   -72.49,      0,   1
   -61.410,    48.936,   -50.09,      0,   1
   -59.412,    48.661,   -86.13,      0,   1
   -59.693,    49.279,   -85.85,      0,   1
   -60.117,    49.090,  -165.55,      0,   1
   -57.847,    46.959,   -22.59,      0,   1
   -59.392,    49.221,   -51.04,      0,   1
   -59.640,    49.214,   -89.22,      0,   1
   -59.550,    49.277,   -50.34,      0,   1
   -59.675,    49.440,   -23.10,      0,   1
   -59.281,    48.755,   -80.49,      0,   1
   -59.458,    48.551,  -104.99,      0,   1
   -60.009,    48.596,   -29.49,      0,   1
   -61.376,    48.922,   -79.50,      0,   1
   -59.879,    45.849,   -11.71,      0,   1
   -56.632,    47.260,    -3.31,      0,   1
   -59.808,    49.157,  -121.07,      0,   1
   -58.240,    50.245,   -35.27,      0,   1
   -59.548,    49.509,   -60.41,      0,   1
   -59.859,    47.224,  -277.58,      0,   1
   -59.113,    48.112,   -12.32,      0,   1
   -57.422,    50.768,   -30.82,      0,   1
   -55.132,    46.850,   -29.07,      0,   1
   -50.743,    46.627,   -45.99,      0,   1
   -56.035,    46.863,   -59.58,      0,   1
   -55.681,    44.546,    -3.37,      0,   1
   -55.232,    46.743,    -1.81,      0,   1
   -55.597,    46.349,  -136.50,      0,   1
   -54.708,    46.324,    -0.18,      0,   1
   -50.666,    44.732,   -34.50,      0,   1
   -50.624,    46.722,   -42.56,      0,   1
   -55.880,    46.636,   -97.16,      0,   1
   -59.665,    49.236,  -107.72,      0,   1
   -61.827,    46.627,   -38.93,      0,   1
   -60.015,    47.449,  -178.91,      0,   1
   -61.391,    46.521,   -14.54,      0,   1
   -60.344,    47.121,   -78.56,      0,   1
   -62.501,    41.481,   -42.32,      0,   1
   -62.397,    45.846,    -5.36,      0,   1
   -61.851,    45.904,   -15.10,      0,   1
   -59.917,    47.292,  -277.18,      0,   1
   -60.183,    46.954,  -114.02,      0,   1
   -50.996,    46.314,   -12.69,      0,   1
   -54.442,    47.231,   -63.98,      0,   1
   -53.167,    43.628,   -59.70,      0,   1
   -51.721,    46.612,   -43.42,      0,   1
   -50.269,    44.908,   -16.09,      0,   1
   -57.460,    44.395,   -17.18,      0,   1
   -51.173,    44.264,   -47.53,      0,   1
   -50.165,    46.404,   -43.77,      0,   1
   -50.629,    44.059,   -19.69,      0,   1
   -53.863,    45.897,   -61.61,      0,   1
   -55.848,    45.955,   -44.11,      0,   1
   -48.483,    44.429,    -2.44,      0,   1
   -48.979,    46.645,   -22.68,      0,   1
   -57.740,    47.272,  -121.03,      0,   1
   -54.341,    43.988,   -16.38,      0,   1
   -50.014,    44.533,   -46.15,      0,   1
   -60.410,    48.394,   -21.06,      0,   1
   -51.492,    45.637,   -10.56,      0,   1
   -59.928,    48.195,  -285.35,      0,   1
   -50.440,    43.653,   -20.37,      0,   1
   -58.705,    50.338,  -103.58,      0,   1
   -50.117,    46.531,   -43.30,      0,   1
   -60.240,    47.402,   -66.51,      0,   1
   -50.454,    46.877,   -65.45,      0,   1
   -59.745,    48.558,  -117.27,      0,   1
   -53.380,    45.811,   -16.86,      0,   1
   -60.247,    47.822,   -21.79,      0,   1
   -53.480,    46.478,   -61.76,      0,   1
   -59.780,    49.333,   -16.45,      0,   1
   -52.152,    46.149,   -76.13,      0,   1
   -60.118,    49.311,   -80.78,      0,   1
   -49.495,    46.757,   -37.18,      0,   1
   -59.816,    49.379,   -23.52,      0,   1
   -59.143,    44.815,   -16.68,      0,   1
   -59.647,    48.960,   -13.49,      0,   1
   -53.920,    46.415,   -13.88,      0,   1
   -59.493,    49.949,   -16.05,      0,   1
   -50.500,    45.942,    -3.11,      0,   1
   -59.639,    49.377,   -36.59,      0,   1
   -52.403,    43.894,    -6.73,      0,   1
   -59.852,    49.351,   -47.45,      0,   1
   -51.108,    44.712,   -34.45,      0,   1
   -60.073,    48.851,  -164.12,      0,   1
   -53.370,    44.761,  -107.48,      0,   1
   -59.935,    48.942,  -195.86,      0,   1
   -52.216,    44.841,   -33.01,      0,   1
   -59.720,    49.348,  -134.89,      0,   1
   -50.607,    45.212,   -33.10,      0,   1
   -56.925,    47.483,   -85.42,      0,   1
   -50.813,    44.096,   -38.29,      0,   1
   -59.410,    49.321,   -42.59,      0,   1
   -55.598,    46.288,   -61.32,      0,   1
   -50.957,    44.040,    -9.87,      0,   1
   -59.730,    49.271,   -96.99,      0,   1
   -55.706,    46.359,   -46.33,      0,   1
   -49.236,    46.301,   -40.56,      0,   1
   -59.760,    49.410,  -126.03,      0,   1
   -58.009,    47.625,   -41.32,      0,   1
   -55.508,    46.310,  -138.95,      0,   1
   -58.335,    50.225,   -81.21,      0,   1
   -56.821,    47.514,   -65.90,      0,   1
   -52.394,    46.665,   -35.16,      0,   1
   -59.938,    49.319,   -93.34,      0,   1
   -50.008,    47.196,   -45.17,      0,   1
   -59.186,    49.663,   -35.41,      0,   1
   -55.562,    44.626,    -5.40,      0,   1
   -59.633,    49.218,   -47.07,      0,   1
   -55.439,    46.247,  -105.96,      0,   1
   -59.586,    49.429,  -166.92,      0,   1
   -54.096,    46.396,   -86.85,      0,   1
   -55.557,    46.339,  -136.68,      0,   1
   -58.402,    50.291,   -66.59,      0,   1
   -55.698,    45.775,   -16.95,      0,   1
   -54.989,    47.066,   -59.62,      0,   1
   -47.735,    46.594,   -14.89,      0,   1
   -49.608,    46.867,   -31.56,      0,   1
   -52.041,    46.616,   -46.17,      0,   1
   -55.544,    46.296,   -91.89,      0,   1
   -59.561,    49.063,   -56.44,      0,   1
   -59.690,    42.110,    -6.66,      0,   1
   -63.394,    40.435,  -133.51,      0,   1
   -56.120,    42.201,   -24.26,      0,   1
   -62.664,    43.752,   -60.73,      0,   1
   -59.905,    44.645,   -37.96,      0,   1
   -62.732,    41.174,   -33.27,      0,   1
   -63.508,    40.024,  -133.07,      0,   1
   -56.399,    41.555,   -27.13,      0,   1
   -58.917,    41.850,    -3.37,      0,   1
   -63.331,    40.548,  -132.93,      0,   1
   -62.893,    40.973,   -53.02,      0,   1
   -57.087,    41.513,   -30.45,      0,   1
   -64.152,    41.047,    -9.05,      0,   1
   -66.977,    43.682,   -66.30,      0,   1
   -67.386,    43.266,  -141.58,      0,   1
   -61.474,    43.597,   -48.54,      0,   1
   -62.940,    40.988,    -5.26,      0,   1
   -62.464,    39.621,   -23.44,      0,   1
   -63.291,    41.841,    -5.51,      0,   1
   -69.394,    42.922,  -120.65,      0,   1
   -63.211,    40.615,   -65.50,      0,   1
   -68.973,    43.070,  -102.21,      0,   1
   -65.327,    40.675,   -39.63,      0,   1
   -63.260,    39.848,   -12.51,      0,   1
   -66.383,    43.753,   -20.13,      0,   1
   -67.371,    44.092,   -48.37,      0,   1
   -66.984,    42.995,    -0.94,      0,   1
   -69.522,    41.356,   -40.50,      0,   1
   -62.792,    40.997,   -42.56,      0,   1
   -69.730,    41.372,   -14.06,      0,   1
   -63.272,    40.090,   -42.05,      0,   1
   -67.143,    43.610,   -37.39,      0,   1
   -67.648,    41.120,   -11.56,      0,   1
   -61.171,    39.709,    -6.82,      0,   1
   -57.383,    40.849,   -64.13,      0,   1
   -63.230,    40.589,   -69.12,      0,   1
   -56.946,    40.943,   -63.69,      0,   1
   -61.964,    42.512,   -24.24,      0,   1
   -66.837,    43.926,   -33.38,      0,   1
   -62.532,    41.083,   -40.27,      0,   1
   -67.245,    43.329,  -109.75,      0,   1
   -66.800,    40.754,   -20.38,      0,   1
   -66.435,    43.684,   -36.07,      0,   1
   -63.020,    39.819,   -28.09,      0,   1
   -66.369,    41.326,   -14.73,      0,   1
   -63.226,    40.615,   -70.34,      0,   1
   -60.275,    41.784,    -1.37,      0,   1
   -66.994,    43.508,   -97.00,      0,   1
   -62.658,    39.496,    -9.91,      0,   1
   -67.425,    39.817,   -32.08,      0,   1
   -69.978,    41.979,    -0.48,      0,   1
   -62.025,    40.896,   -14.13,      0,   1
   -60.146,    47.126,  -154.48,      0,   1
   -66.934,    43.518,  -126.83,      0,   1
   -62.818,    43.951,   -49.36,      0,   1
   -58.369,    41.559,   -48.47,      0,   1
   -62.034,    39.583,   -18.18,      0,   1
   -62.698,    40.943,   -19.67,      0,   1
   -62.396,    41.318,   -29.19,      0,   1
   -66.651,    41.317,   -47.38,      0,   1
   -68.975,    42.596,   -10.84,      0,   1
   -67.917,    41.543,   -33.47,      0,   1
   -66.738,    41.391,   -36.08,      0,   1
   -67.574,    40.383,   -33.19,      0,   1
   -60.438,    44.130,   -48.42,      0,   1
   -61.832,    39.709,    -0.58,      0,   1
   -59.243,    41.935,    -7.20,      0,   1
   -57.990,    46.773,   -17.27,      0,   1
   -63.104,    40.652,   -30.86,      0,   1
   -57.969,    43.705,    -2.43,      0,   1
   -63.078,    41.730,    -8.20,      0,   1
   -59.994,    47.286,  -196.00,      0,   1
   -62.327,    39.379,   -71.30,      0,   1
   -58.929,    44.807,   -40.67,      0,   1
   -55.794,    41.613,   -43.39,      0,   1
   -60.368,    47.765,   -80.74,      0,   1
   -63.436,    40.354,  -117.92,      0,   1
   -59.266,    45.486,   -51.76,      0,   1
   -67.361,    43.476,  -140.67,      0,   1
   -60.027,    46.553,   -60.48,      0,   1
   -66.512,    41.715,    -0.48,      0,   1
   -59.974,    48.287,  -125.23,      0,   1
   -67.718,    43.741,  -152.99,      0,   1
   -57.403,    50.605,    -9.26,      0,   1
   -67.548,    43.811,  -159.01,      0,   1
   -60.061,    46.522,    -3.79,      0,   1
   -67.130,    44.641,   -11.40,      0,   1
   -59.551,    48.664,  -136.86,      0,   1
   -64.902,    40.504,    -9.15,      0,   1
   -59.709,    48.927,   -96.40,      0,   1
   -62.820,    40.346,    -0.90,      0,   1
   -67.305,    43.418,  -183.98,      0,   1
   -60.140,    48.912,  -166.78,      0,   1
   -60.160,    46.969,  -127.11,      0,   1
   -66.466,    43.814,   -43.21,      0,   1
   -61.166,    48.810,   -91.55,      0,   1
   -62.138,    39.427,    -8.11,      0,   1
   -66.947,    42.477,  -114.27,      0,   1
   -59.251,    44.816,   -83.07,      0,   1
   -58.988,    44.705,   -47.51,      0,   1
   -62.497,    46.693,   -51.87,      0,   1
   -62.022,    45.905,    -2.82,      0,   1
   -66.574,    44.361,   -74.60,      0,   1
   -60.523,    42.207,   -41.90,      0,   1
   -67.292,    42.629,  -240.24,      0,   1
   -60.341,    47.635,   -80.43,      0,   1
   -56.487,    40.024,   -33.06,     -3,   1
   -60.831,    47.448,   -13.75,      0,   1
   -59.888,    47.093,  -270.87,      0,   1
   -66.901,    43.508,    -7.40,      0,   1
   -66.528,    44.634,   -50.45,      0,   1
   -66.885,    44.588,    -9.53,      0,   1
   -59.597,    48.489,  -148.09,      0,   1
   -58.315,    44.179,    -5.88,      0,   1
   -60.056,    48.670,  -216.81,      0,   1
   -58.913,    49.824,   -98.80,      0,   1
   -60.278,    47.050,   -15.51,      0,   1
   -59.846,    48.930,  -167.99,      0,   1
   -59.405,    49.363,  -130.86,      0,   1
   -60.678,    49.016,   -93.60,      0,   1
   -59.642,    49.531,   -63.78,      0,   1
   -59.056,    46.303,    -8.88,      0,   1
   -59.773,    49.252,  -208.77,      0,   1
   -60.042,    48.749,  -211.74,      0,   1
   -60.115,    48.704,  -191.86,      0,   1
   -61.779,    47.411,    -4.40,      0,   1
   -57.274,    51.164,   -15.10,      0,   1
   -61.414,    48.015,   -14.16,      0,   1
   -59.602,    49.535,  -158.37,      0,   1
   -59.639,    49.114,   -69.90,      0,   1
   -59.985,    49.349,  -114.84,      0,   1
   -57.837,    47.291,    -6.80,      0,   1
   -59.751,    49.190,   -61.87,      0,   1
   -59.819,    49.147,   -51.06,      0,   1
   -59.485,    48.661,  -117.51,      0,   1
   -59.123,    49.389,  -150.87,      0,   1
   -59.095,    49.916,    -5.29,      0,   1
   -60.283,    48.118,   -43.58,      0,   1
   -60.469,    49.756,   -48.75,      0,   1
   -59.083,    49.642,  -101.07,      0,   1
   -59.681,    48.943,   -57.31,      0,   1
   -59.749,    49.302,  -115.65,      0,   1
   -60.390,    47.778,  -109.36,      0,   1
   -59.648,    45.834,   -29.25,      0,   1
   -55.876,    46.104,   -10.71,      0,   1
   -55.469,    46.681,   -92.19,      0,   1
   -56.042,    46.574,  -102.34,      0,   1
   -54.724,    47.311,   -32.05,      0,   1
   -55.503,    46.270,  -132.83,      0,   1
   -54.032,    47.178,   -24.91,      0,   1
   -54.029,    45.880,   -37.61,      0,   1
   -55.516,    46.309,  -138.19,      0,   1
   -48.256,    47.373,   -33.26,      0,   1
   -49.406,    45.678,   -26.14,      0,   1
   -50.795,    46.756,   -71.01,      0,   1
   -59.667,    49.191,   -89.16,      0,   1
   -62.101,    46.883,   -58.68,      0,   1
   -61.870,    46.209,   -14.57,      0,   1
   -61.686,    46.901,   -42.85,      0,   1
   -54.516,    41.691,   -39.39,      0,   1
   -60.320,    46.981,   -86.25,      0,   1
   -62.291,    46.553,   -22.01,      0,   1
   -60.942,    46.923,   -53.66,      0,   1
   -61.776,    47.255,    -7.91,      0,   1
   -61.887,    46.236,   -10.63,      0,   1
   -61.907,    46.135,   -35.90,      0,   1
   -63.197,    40.030,   -11.93,      0,   1
   -59.627,    45.908,   -55.68,      0,   1
   -61.261,    46.825,   -44.17,      0,   1
   -62.153,    46.517,   -28.20,      0,   1
   -61.087,    47.623,   -20.57,      0,   1
   -50.033,    46.969,   -42.30,      0,   1
   -50.232,    47.170,   -28.51,      0,   1
   -56.423,    45.504,   -10.04,      0,   1
   -55.451,    44.206,   -21.70,      0,   1
   -53.611,    46.658,   -21.51,      0,   1
   -55.204,    46.866,   -61.59,      0,   1
   -54.138,    44.764,   -69.95,      0,   1
   -48.650,    45.832,   -29.69,      0,   1
   -50.437,    45.566,   -64.56,      0,   1
   -49.559,    45.170,   -65.06,      0,   1
   -51.433,    43.527,   -61.85,      0,   1
   -52.455,    45.162,   -48.10,      0,   1
   -49.573,    43.907,   -73.02,      0,   1
   -51.996,    43.637,   -11.57,      0,   1
   -55.050,    46.063,  -110.98,      0,   1
   -50.736,    43.886,   -39.26,      0,   1
   -59.238,    49.022,    -6.80,      0,   1
   -50.016,    45.323,   -11.37,      0,   1
   -59.760,    49.060,   -33.75,      0,   1
   -50.891,    42.847,    -2.88,      0,   1
   -60.030,    49.263,   -53.12,      0,   1
   -51.171,    46.261,   -53.23,      0,   1
   -59.490,    49.185,  -177.97,      0,   1
   -50.660,    46.928,   -77.42,      0,   1
   -59.895,    48.716,   -60.71,      0,   1
   -57.020,    45.548,   -18.45,      0,   1
   -59.747,    49.418,  -132.30,      0,   1
   -54.468,    45.007,   -38.53,      0,   1
   -59.727,    49.303,   -22.73,      0,   1
   -49.503,    44.647,   -60.61,      0,   1
   -58.092,    50.256,   -64.95,      0,   1
   -53.796,    45.996,   -25.78,      0,   1
   -59.613,    49.180,  -116.57,      0,   1
   -54.373,    45.924,    -5.24,      0,   1
   -59.948,    49.024,   -85.78,      0,   1
   -51.560,    44.997,   -10.35,      0,   1
   -59.840,    49.338,  -102.00,      0,   1
   -52.243,    45.519,   -78.87,      0,   1
   -59.722,    49.172,  -111.47,      0,   1
   -55.886,    45.291,    -9.83,      0,   1
   -59.291,    48.721,   -78.31,      0,   1
   -54.582,    45.210,   -10.12,      0,   1
   -59.997,    49.379,  -105.97,      0,   1
   -50.813,    46.553,   -19.26,      0,   1
   -59.645,    49.475,  -154.75,      0,   1
   -52.188,    44.779,   -22.91,      0,   1
   -56.484,    47.571,   -12.00,      0,   1
   -52.978,    46.260,  -105.10,      0,   1
   -59.734,    49.308,   -47.20,      0,   1
   -55.738,    47.413,   -22.61,      0,   1
   -52.959,    44.759,   -14.99,      0,   1
   -58.013,    50.500,   -58.46,      0,   1
   -55.990,    47.453,   -61.17,      0,   1
   -55.557,    45.587,    -9.09,      0,   1
   -59.711,    49.216,   -84.68,      0,   1
   -57.491,    47.551,    -2.88,      0,   1
   -49.465,    44.232,   -68.46,      0,   1
   -59.501,    49.692,   -42.58,      0,   1
   -55.742,    47.422,   -40.29,      0,   1
   -56.138,    46.631,   -82.07,      0,   1
   -59.734,    49.447,  -129.12,      0,   1
   -55.267,    46.207,  -145.81,      0,   1
   -60.028,    48.497,   -10.39,      0,   1
   -55.901,    46.428,  -126.00,      0,   1
   -57.326,    51.062,    -3.82,      0,   1
   -56.147,    46.632,   -78.12,      0,   1
   -57.455,    50.813,   -34.78,      0,   1
   -50.754,    46.021,    -9.55,      0,   1
   -59.952,    48.534,   -35.03,      0,   1
   -54.873,    47.219,   -44.86,      0,   1
   -53.879,    46.888,   -12.88,      0,   1
   -57.707,    50.379,   -68.08,      0,   1
   -54.815,    47.187,   -56.70,      0,   1
   -54.227,    47.229,   -48.82,      0,   1
   -54.740,    47.309,    -3.82,      0,   1
   -55.364,    46.390,   -87.09,      0,   1
   -50.238,    46.595,   -66.54,      0,   1
   -55.229,    46.029,  -116.62,      0,   1
   -59.926,    49.412,  -126.33,      0,   1
   -59.099,    44.722,   -64.38,      0,   1
   -65.533,    40.792,   -47.47,      0,   1
   -63.569,    41.185,    -2.89,      0,   1
   -63.195,    40.658,   -69.18,      0,   1
   -59.407,    42.032,    -3.70,      0,   1
   -55.815,    41.632,   -35.88,      0,   1
   -62.707,    40.968,   -25.01,      0,   1
   -66.659,    41.362,   -36.06,      0,   1
   -59.044,    41.920,   -30.51,      0,   1
   -67.252,    43.435,  -155.64,      0,   1
   -56.584,    42.556,   -18.87,      0,   1
   -60.816,    42.006,   -10.14,      0,   1
   -63.681,    43.302,   -87.17,      0,   1
   -63.784,    41.327,    -7.66,      0,   1
   -63.342,    40.483,  -103.97,      0,   1
   -69.515,    41.521,   -56.69,      0,   1
   -64.075,    41.570,    -3.24,      0,   1
   -67.421,    42.345,  -180.69,      0,   1
   -67.469,    44.126,   -42.27,      0,   1
   -68.533,    41.475,    -8.72,      0,   1
   -68.188,    41.979,   -86.71,      0,   1
   -67.450,    43.020,   -32.66,      0,   1
   -68.864,    42.252,    -0.66,      0,   1
   -69.141,    43.448,  -119.42,      0,   1
   -68.372,    41.840,    -7.15,      0,   1
   -66.296,    44.144,   -12.21,      0,   1
   -66.839,    43.797,  -101.65,      0,   1
   -68.924,    42.993,  -102.42,      0,   1
   -63.795,    41.672,   -36.80,      0,   1
   -60.607,    44.325,   -51.77,      0,   1
   -58.676,    44.961,   -11.46,      0,   1
   -66.162,    40.506,    -1.84,      0,   1
   -55.298,    43.123,   -20.70,      0,   1
   -60.615,    44.313,   -45.32,      0,   1
   -58.744,    44.829,   -55.46,      0,   1
   -66.661,    40.835,   -12.94,      0,   1
   -61.783,    43.099,    -8.73,      0,   1
   -59.655,    46.137,   -31.09,      0,   1
   -59.741,    45.400,   -12.59,      0,   1
   -67.009,    40.142,   -53.47,      0,   1
   -59.561,    45.433,   -41.86,      0,   1
   -59.779,    47.140,  -310.16,      0,   1
   -58.453,    45.077,    -8.86,      0,   1
   -60.222,    46.530,   -26.82,      0,   1
   -59.562,    48.383,   -12.33,      0,   1
   -60.737,    47.115,   -18.76,      0,   1
   -61.360,    47.219,    -4.15,      0,   1
   -56.363,    42.664,   -13.49,      0,   1
   -59.275,    43.375,    -7.30,      0,   1
   -61.643,    47.425,    -4.30,      0,   1
   -61.701,    48.174,   -98.78,      0,   1
   -59.865,    47.081,  -240.03,      0,   1
   -59.911,    47.633,   -20.39,      0,   1
   -59.863,    49.465,   -29.39,      0,   1
   -59.572,    45.729,   -28.63,      0,   1
   -59.643,    46.353,   -38.02,      0,   1
   -59.827,    47.717,   -26.76,      0,   1
   -60.383,    47.801,   -89.85,      0,   1
   -59.321,    41.303,   -13.92,      0,   1
   -62.610,    42.635,   -19.54,      0,   1
   -60.026,    47.429,  -147.63,      0,   1
   -54.804,    44.533,    -2.38,      0,   1
   -59.341,    44.894,   -46.08,      0,   1
   -62.796,    39.864,   -19.82,      0,   1
   -61.112,    47.504,    -4.21,      0,   1
   -60.119,    46.998,   -74.93,      0,   1
   -55.255,    41.969,   -80.85,      0,   1
   -59.330,    42.291,   -18.80,      0,   1
   -60.804,    47.109,   -48.69,      0,   1
   -57.976,    46.476,    -3.72,      0,   1
   -60.094,    45.527,   -57.80,      0,   1
   -59.986,    48.691,  -241.60,      0,   1
   -59.651,    48.884,   -91.59,      0,   1
   -59.151,    46.016,   -69.36,      0,   1
   -56.615,    41.216,   -44.26,      0,   1
   -57.561,    45.517,   -28.79,      0,   1
   -61.705,    46.177,   -43.14,      0,   1
   -57.973,    46.169,   -31.57,      0,   1
   -57.482,    50.832,   -46.48,      0,   1
   -59.602,    45.869,   -56.30,      0,   1
   -55.018,    46.113,    -0.15,      0,   1
   -66.755,    43.445,  -113.52,      0,   1
   -66.011,    44.573,   -31.43,      0,   1
   -61.162,    48.725,   -98.26,      0,   1
   -59.214,    48.959,    -7.00,      0,   1
   -59.286,    48.892,   -30.22,      0,   1
   -59.949,    49.256,  -103.45,      0,   1
   -59.028,    48.983,    -7.39,      0,   1
   -60.231,    47.737,   -38.81,      0,   1
   -59.302,    49.071,  -162.65,      0,   1
   -59.385,    46.303,    -3.31,      0,   1
   -60.561,    47.321,   -41.26,      0,   1
   -59.797,    48.864,  -143.39,      0,   1
   -58.460,    47.195,    -5.96,      0,   1
   -60.111,    48.555,   -39.68,      0,   1
   -60.362,    47.224,   -52.86,      0,   1
   -58.767,    48.476,   -22.77,      0,   1
   -59.697,    49.291,  -107.13,      0,   1
   -57.930,    50.409,  -129.66,      0,   1
   -58.990,    48.488,   -17.78,      0,   1
   -57.413,    45.796,    -2.97,      0,   1
   -59.683,    49.156,   -27.62,      0,   1
   -59.992,    47.285,  -110.52,      0,   1
   -59.700,    49.449,   -32.03,      0,   1
   -59.129,    48.325,   -49.49,      0,   1
   -60.809,    47.319,    -7.14,      0,   1
   -59.882,    48.512,  -238.28,      0,   1
   -59.362,    48.746,   -97.86,      0,   1
   -58.653,    49.492,  -116.17,      0,   1
   -60.143,    47.378,  -227.26,      0,   1
   -58.835,    50.329,  -124.12,      0,   1
   -54.090,    47.150,    -9.48,      0,   1
   -56.226,    46.297,   -13.26,      0,   1
   -54.351,    44.968,    -0.29,      0,   1
   -55.200,    46.881,   -58.94,      0,   1
   -54.100,    47.233,   -21.85,      0,   1
   -54.366,    47.323,   -23.10,      0,   1
   -54.827,    45.948,    -3.24,      0,   1
   -55.001,    46.862,    -9.56,      0,   1
   -50.474,    46.029,   -55.52,      0,   1
   -55.489,    46.343,  -107.15,      0,   1
   -55.499,    46.396,  -119.77,      0,   1
   -59.657,    46.864,    -8.39,      0,   1
   -59.916,    46.861,   -29.53,      0,   1
   -61.163,    46.651,   -42.23,      0,   1
   -61.626,    46.129,   -27.55,      0,   1
   -60.040,    47.287,  -132.36,      0,   1
   -60.229,    46.633,   -16.96,      0,   1
   -60.679,    46.899,   -29.06,      0,   1
   -60.049,    47.557,   -35.33,      0,   1
   -57.109,    44.960,   -11.15,      0,   1
   -60.895,    47.342,   -20.98,      0,   1
   -59.957,    47.528,   -25.15,      0,   1
   -50.969,    46.900,   -69.40,      0,   1
   -55.758,    46.485,   -64.01,      0,   1
   -50.799,    46.793,   -64.98,      0,   1
   -54.284,    43.896,   -16.09,      0,   1
   -50.694,    43.987,   -46.88,      0,   1
   -55.149,    45.180,   -20.94,      0,   1
   -52.261,    44.785,   -45.85,      0,   1
   -50.070,    43.530,    -3.46,      0,   1
   -49.530,    45.131,   -66.46,      0,   1
   -58.776,    42.429,    -0.89,      0,   1
   -53.697,    43.953,    -5.54,      0,   1
   -54.859,    43.009,    -2.43,      0,   1
   -50.914,    46.222,   -75.33,      0,   1
   -53.921,    44.108,   -37.37,      0,   1
   -51.593,    43.601,   -46.90,      0,   1
   -56.371,    46.458,   -50.32,      0,   1
   -55.405,    44.820,   -34.78,      0,   1
   -59.998,    49.278,   -47.71,      0,   1
   -49.542,    46.949,   -30.10,      0,   1
   -57.527,    50.304,   -18.40,      0,   1
   -49.978,    43.188,    -3.11,      0,   1
   -59.712,    49.486,  -138.94,      0,   1
   -52.571,    45.032,   -67.07,      0,   1
   -59.337,    49.169,  -136.05,      0,   1
   -50.268,    47.182,   -58.42,      0,   1
   -60.417,    49.050,    -6.73,      0,   1
   -51.503,    43.951,    -0.18,      0,   1
   -59.705,    49.323,   -31.07,      0,   1
   -51.069,    44.375,   -52.84,      0,   1
   -59.759,    49.411,  -129.10,      0,   1
   -51.482,    46.194,   -17.77,      0,   1
   -59.853,    49.310,   -47.10,      0,   1
   -53.613,    45.320,   -64.09,      0,   1
   -59.791,    49.423,  -132.76,      0,   1
   -52.491,    46.702,   -30.28,      0,   1
   -59.098,    49.487,  -133.02,      0,   1
   -53.605,    46.148,   -41.55,      0,   1
   -59.699,    49.280,   -93.75,      0,   1
   -51.214,    43.344,    -8.90,      0,   1
   -60.291,    47.829,   -51.60,      0,   1
   -51.850,    46.501,   -45.16,      0,   1
   -59.805,    49.390,  -136.75,      0,   1
   -51.880,    45.249,   -26.12,      0,   1
   -59.617,    49.298,   -45.76,      0,   1
   -51.698,    44.484,   -57.13,      0,   1
   -57.767,    50.352,   -92.99,      0,   1
   -52.706,    46.338,   -13.65,      0,   1
   -57.990,    47.333,  -151.29,      0,   1
   -50.949,    43.973,   -37.49,      0,   1
   -59.498,    48.936,  -159.13,      0,   1
   -56.412,    47.585,   -19.36,      0,   1
   -50.262,    46.185,   -51.84,      0,   1
   -57.790,    50.345,   -99.05,      0,   1
   -57.541,    47.585,   -48.89,      0,   1
   -50.819,    44.078,   -21.01,      0,   1
   -59.776,    49.492,  -109.33,      0,   1
   -55.946,    47.544,   -23.45,      0,   1
   -55.964,    46.635,  -100.25,      0,   1
   -57.563,    50.753,   -61.38,      0,   1
   -55.312,    46.220,  -143.87,      0,   1
   -58.546,    50.408,  -116.14,      0,   1
   -55.877,    46.558,  -114.73,      0,   1
   -59.859,    49.306,  -205.04,      0,   1
   -55.167,    46.045,  -138.09,      0,   1
   -60.023,    49.299,  -100.35,      0,   1
   -55.588,    46.355,  -137.42,      0,   1
   -58.869,    46.615,    -5.52,      0,   1
   -50.863,    44.095,   -33.82,      0,   1
   -59.633,    49.234,   -39.51,      0,   1
   -54.428,    47.216,   -66.08,      0,   1
   -52.662,    46.111,   -68.08,      0,   1
   -58.136,    50.499,  -107.32,      0,   1
   -55.191,    46.926,   -44.66,      0,   1
   -54.930,    47.148,   -50.20,      0,   1
   -54.803,    46.243,   -11.71,      0,   1
   -55.056,    47.032,   -54.77,      0,   1
   -55.288,    46.210,  -144.61,      0,   1
   -55.469,    46.290,  -126.73,      0,   1
   -61.862,    46.740,   -15.12,      0,   1
   -62.721,    41.340,    -2.90,      0,   1
   -66.987,    42.462,  -100.67,      0,   1
   -62.134,    39.365,    -1.58,      0,   1
   -63.031,    39.591,   -15.35,      0,   1
   -67.252,    43.042,   -20.09,      0,   1
   -65.373,    40.663,   -35.15,      0,   1
   -62.730,    39.723,   -24.88,      0,   1
   -63.054,    40.674,   -30.03,      0,   1
   -63.262,    40.619,   -81.99,      0,   1
   -67.394,    43.403,    -2.45,      0,   1
   -63.328,    40.471,    -0.34,      0,   1
   -65.332,    41.333,    -1.65,      0,   1
   -61.079,    41.320,    -3.88,      0,   1
   -60.108,    42.180,    -6.22,      0,   1
   -63.256,    39.806,   -13.47,      0,   1
   -61.210,    41.284,    -4.14,      0,   1
   -58.278,    41.322,    -1.08,      0,   1
   -63.184,    40.443,   -29.63,      0,   1
   -62.002,    39.666,    -2.47,      0,   1
   -62.909,    43.441,   -79.53,      0,   1
   -62.606,    41.424,   -20.92,      0,   1
   -64.738,    42.188,   -12.33,      0,   1
   -58.684,    45.539,   -12.55,      0,   1
   -65.112,    41.263,   -17.97,      0,   1
   -62.648,    41.076,   -24.45,      0,   1
   -66.557,    43.804,   -15.23,      0,   1
   -69.569,    41.561,   -45.62,      0,   1
   -63.622,    43.342,   -79.62,      0,   1
   -63.061,    39.583,   -98.11,      0,   1
   -67.255,    41.298,   -22.71,      0,   1
   -67.987,    41.220,   -24.50,      0,   1
   -66.460,    43.951,   -19.89,      0,   1
   -67.181,    39.174,    -0.28,      0,   1
   -67.020,    43.407,   -95.88,      0,   1
   -65.350,    41.621,   -15.34,      0,   1
   -64.092,    41.586,   -19.65,      0,   1
   -63.532,    40.244,  -190.01,      0,   1
   -69.410,    41.107,   -19.49,      0,   1
   -68.539,    40.747,   -31.10,      0,   1
   -60.390,    41.524,   -11.36,      0,   1
   -62.668,    40.992,   -18.69,      0,   1
   -67.705,    40.369,    -3.06,      0,   1
   -66.869,    42.818,   -20.22,      0,   1
   -69.123,    41.200,   -42.43,      0,   1
   -69.565,    42.185,  -139.45,      0,   1
   -56.354,    41.286,   -40.15,      0,   1
   -57.765,    40.653,   -30.33,      0,   1
   -60.467,    41.975,   -42.17,      0,   1
   -62.336,    41.300,   -27.94,      0,   1
   -65.288,    40.640,   -83.22,      0,   1
   -65.386,    40.926,   -22.63,      0,   1
   -59.330,    43.780,   -14.49,      0,   1
   -62.319,    41.227,   -15.38,      0,   1
   -63.429,    39.909,  -108.26,      0,   1
   -68.624,    41.227,   -17.64,      0,   1
   -62.908,    40.623,   -10.17,      0,   1
   -66.997,    39.541,    -8.29,      0,   1
   -66.955,    41.300,    -5.99,      0,   1
   -66.642,    42.071,    -0.69,      0,   1
   -65.385,    42.126,   -13.29,      0,   1
   -63.148,    39.976,    -8.20,      0,   1
   -62.985,    40.654,   -17.77,      0,   1
   -56.623,    41.343,   -24.39,      0,   1
   -63.383,    40.430,  -118.87,      0,   1
   -59.780,    49.204,   -27.60,      0,   1
   -62.414,    42.016,   -18.17,      0,   1
   -60.945,    45.076,   -35.88,      0,   1
   -55.819,    42.084,   -14.63,      0,   1
   -59.328,    48.195,   -86.13,      0,   1
   -63.393,    40.403,   -87.34,      0,   1
   -59.836,    47.433,  -181.67,      0,   1
   -62.116,    40.847,   -17.15,      0,   1
   -59.751,    49.068,   -31.29,      0,   1
   -62.781,    39.819,   -23.90,      0,   1
   -59.846,    49.301,  -210.68,      0,   1
   -67.440,    43.698,   -91.93,      0,   1
   -60.561,    47.152,   -43.86,      0,   1
   -62.366,    39.344,    -7.74,      0,   1
   -60.247,    47.840,   -39.29,      0,   1
   -56.962,    41.602,   -10.39,      0,   1
   -59.456,    48.485,  -107.63,      0,   1
   -67.255,    42.043,    -2.54,      0,   1
   -57.108,    51.258,    -8.47,      0,   1
   -61.927,    41.473,    -3.48,      0,   1
   -59.660,    48.341,    -8.97,      0,   1
   -60.251,    42.085,   -37.45,      0,   1
   -62.992,    40.882,   -42.32,      0,   1
   -60.174,    47.204,  -118.45,      0,   1
   -61.490,    46.851,   -53.40,      0,   1
   -63.607,    42.710,  -427.74,      0,   1
   -60.648,    47.397,   -81.06,      0,   1
   -63.136,    37.855,    -0.11,     -3,   1
   -67.521,    42.524,  -129.04,      0,   1
   -59.932,    48.677,  -238.45,      0,   1
   -58.802,    46.382,    -8.60,      0,   1
   -69.580,    43.420,   -19.48,      0,   1
   -59.236,    48.956,   -28.22,      0,   1
   -56.425,    41.634,   -24.54,      0,   1
   -66.639,    44.438,   -91.64,      0,   1
   -66.680,    44.148,   -16.34,      0,   1
   -66.504,    44.981,   -37.08,      0,   1
   -60.005,    48.562,   -48.59,      0,   1
   -59.697,    45.838,   -59.87,      0,   1
   -62.169,    46.579,    -2.01,      0,   1
   -59.354,    42.853,    -0.44,      0,   1
   -62.057,    46.155,   -18.11,      0,   1
   -67.481,    43.196,  -175.58,      0,   1
   -66.348,    43.532,   -35.03,      0,   1
   -60.083,    47.196,  -116.24,      0,   1
   -60.120,    49.627,   -21.90,      0,   1
   -60.062,    47.392,  -264.39,      0,   1
   -59.918,    47.542,  -150.78,      0,   1
   -59.957,    47.629,  -112.52,      0,   1
   -59.036,    47.427,    -2.77,      0,   1
   -61.184,    48.626,  -121.63,      0,   1
   -60.836,    48.935,   -96.45,      0,   1
   -59.554,    49.027,   -18.09,      0,   1
   -59.567,    49.016,  -178.40,      0,   1
   -59.650,    49.465,   -72.93,      0,   1
   -59.826,    48.975,   -15.10,      0,   1
   -59.934,    48.957,  -183.78,      0,   1
   -61.389,    47.192,   -33.88,      0,   1
   -59.511,    48.851,   -13.32,      0,   1
   -59.547,    49.248,   -53.93,      0,   1
   -59.745,    49.322,  -121.71,      0,   1
   -59.968,    48.384,   -69.49,      0,   1
   -58.094,    46.660,   -28.18,      0,   1
   -59.713,    49.316,  -108.69,      0,   1
   -59.538,    49.080,   -75.44,      0,   1
   -59.437,    49.546,   -45.71,      0,   1
   -59.630,    49.413,   -78.14,      0,   1
   -59.419,    48.658,  -103.01,      0,   1
   -59.404,    49.624,  -161.41,      0,   1
   -59.429,    48.786,  -127.05,      0,   1
   -59.574,    49.085,   -57.14,      0,   1
   -60.064,    49.590,   -24.86,      0,   1
   -60.385,    48.832,   -19.35,      0,   1
   -59.557,    49.252,   -72.50,      0,   1
   -56.389,    46.512,    -1.02,      0,   1
   -59.855,    47.322,  -111.31,      0,   1
   -54.120,    47.338,   -12.34,      0,   1
   -55.224,    46.985,   -26.15,      0,   1
   -55.026,    44.827,    -0.41,      0,   1
   -54.144,    47.373,   -21.06,      0,   1
   -54.962,    46.181,  -148.53,      0,   1
   -54.139,    47.328,    -2.70,      0,   1
   -55.761,    46.417,    -4.91,      0,   1
   -54.355,    47.335,   -19.96,      0,   1
   -52.057,    45.825,   -51.52,      0,   1
   -54.486,    44.857,   -45.60,      0,   1
   -48.917,    46.476,   -43.44,      0,   1
   -61.680,    46.437,   -10.65,      0,   1
   -66.216,    44.360,   -22.40,      0,   1
   -59.996,    46.521,   -20.89,      0,   1
   -60.036,    46.640,    -2.97,      0,   1
   -59.921,    46.640,   -62.54,      0,   1
   -61.507,    46.590,   -58.78,      0,   1
   -59.967,    47.145,  -110.73,      0,   1
   -60.071,    47.378,  -232.36,      0,   1
   -61.869,    46.307,   -41.38,      0,   1
   -61.498,    46.344,   -28.74,      0,   1
   -50.599,    45.175,   -23.15,      0,   1
   -54.449,    46.773,  -115.17,      0,   1
   -54.686,    47.012,  -112.80,      0,   1
   -53.656,    46.568,    -5.85,      0,   1
   -49.209,    44.402,    -1.51,      0,   1
   -50.663,    46.902,   -36.75,      0,   1
   -49.619,    45.050,   -62.29,      0,   1
   -49.505,    44.589,    -4.83,      0,   1
   -49.775,    44.654,   -32.09,      0,   1
   -50.686,    43.972,   -40.66,      0,   1
   -51.266,    44.271,   -24.69,      0,   1
   -50.968,    46.707,   -47.53,      0,   1
   -51.245,    43.218,   -14.46,      0,   1
   -52.719,    45.036,   -68.88,      0,   1
   -51.900,    43.738,   -21.01,      0,   1
   -50.870,    43.776,   -20.42,      0,   1
   -49.472,    44.151,   -71.50,      0,   1
   -59.015,    49.822,  -152.24,      0,   1
   -50.463,    43.671,   -19.68,      0,   1
   -58.546,    49.832,  -129.03,      0,   1
   -51.659,    46.862,   -82.64,      0,   1
   -57.670,    46.590,    -1.14,      0,   1
   -52.982,    46.499,   -82.04,      0,   1
   -59.087,    50.481,   -37.59,      0,   1
   -49.543,    44.925,   -64.11,      0,   1
   -60.100,    48.800,  -157.75,      0,   1
   -50.730,    44.168,   -27.26,      0,   1
   -57.656,    51.056,   -15.54,      0,   1
   -50.866,    44.113,   -22.76,      0,   1
   -59.666,    49.415,  -157.03,      0,   1
   -50.893,    44.081,   -21.55,      0,   1
   -59.574,    48.941,  -170.29,      0,   1
   -54.489,    45.733,   -10.06,      0,   1
   -60.144,    49.244,   -63.26,      0,   1
   -54.349,    45.841,    -4.35,      0,   1
   -59.663,    49.265,   -81.32,      0,   1
   -52.184,    45.322,   -46.11,      0,   1
   -60.057,    49.378,   -95.52,      0,   1
   -53.979,    46.334,   -48.25,      0,   1
   -59.703,    49.297,  -111.54,      0,   1
   -50.831,    45.842,   -19.22,      0,   1
   -59.664,    49.147,  -170.09,      0,   1
   -52.433,    44.946,   -36.63,      0,   1
   -58.442,    50.575,  -104.57,      0,   1
   -51.315,    46.576,   -13.07,      0,   1
   -49.476,    44.184,   -67.99,      0,   1
   -58.071,    50.484,   -64.23,      0,   1
   -57.844,    47.256,  -149.76,      0,   1
   -50.461,    44.603,   -20.93,      0,   1
   -60.148,    49.074,  -177.23,      0,   1
   -56.419,    47.529,   -32.67,      0,   1
   -54.387,    45.226,  -103.33,      0,   1
   -59.647,    49.231,   -90.19,      0,   1
   -56.552,    47.523,   -13.40,      0,   1
   -50.394,    46.220,   -19.98,      0,   1
   -58.142,    50.341,  -129.03,      0,   1
   -58.323,    47.564,   -52.21,      0,   1
   -49.859,    43.960,   -41.11,      0,   1
   -59.656,    49.266,   -38.08,      0,   1
   -53.881,    46.540,    -1.45,      0,   1
   -59.721,    49.247,   -72.41,      0,   1
   -55.575,    46.373,  -138.27,      0,   1
   -59.559,    49.277,   -50.42,      0,   1
   -54.167,    46.462,   -51.48,      0,   1
   -59.692,    49.265,   -47.59,      0,   1
   -56.098,    46.452,  -114.57,      0,   1
   -57.716,    50.361,   -66.77,      0,   1
   -55.362,    46.238,  -140.86,      0,   1
   -59.525,    49.514,  -181.32,      0,   1
   -54.208,    47.225,   -46.19,      0,   1
   -48.592,    44.121,    -3.88,      0,   1
   -59.439,    49.242,   -18.98,      0,   1
   -55.116,    47.001,   -18.42,      0,   1
   -55.732,    46.849,    -5.01,      0,   1
   -54.785,    47.228,   -12.89,      0,   1
   -55.391,    46.343,   -53.88,      0,   1
   -55.008,    47.177,   -23.16,      0,   1
   -54.888,    47.185,   -49.72,      0,   1
   -62.399,    39.568,   -24.28,      0,   1
   -62.434,    39.610,   -18.96,      0,   1
   -64.108,    40.699,   -21.60,      0,   1
   -62.582,    40.593,    -9.07,      0,   1
   -62.946,    39.788,   -26.68,      0,   1
   -63.047,    39.654,   -16.00,      0,   1
   -62.980,    40.927,    -4.94,      0,   1
   -56.349,    42.330,   -19.14,      0,   1
   -63.306,    41.540,   -11.11,      0,   1
   -62.736,    39.561,    -6.02,      0,   1
   -61.177,    44.342,   -91.51,      0,   1
   -55.959,    41.385,   -40.33,      0,   1
   -61.990,    41.911,   -35.36,      0,   1
   -61.479,    39.445,   -41.86,      0,   1
   -62.716,    41.037,   -24.22,      0,   1
   -69.373,    43.017,   -59.44,      0,   1
   -55.524,    41.744,   -11.12,      0,   1
   -63.915,    41.412,   -45.61,      0,   1
   -67.071,    41.208,   -25.52,      0,   1
   -69.711,    41.999,   -77.16,      0,   1
   -66.783,    43.504,  -108.61,      0,   1
   -62.503,    41.786,    -2.40,      0,   1
   -69.147,    41.883,  -156.97,      0,   1
   -69.351,    42.951,   -36.83,      0,   1
   -62.654,    39.671,   -16.01,      0,   1
   -63.492,    40.342,  -211.81,      0,   1
   -69.173,    42.317,  -108.93,      0,   1
   -60.822,    41.167,   -35.33,      0,   1
   -58.985,    45.533,   -46.71,      0,   1
   -65.100,    40.587,   -73.44,      0,   1
   -60.720,    47.453,   -59.31,      0,   1
   -59.971,    44.942,    -4.48,      0,   1
   -60.249,    46.268,    -5.55,      0,   1
   -60.881,    41.452,   -28.04,      0,   1
   -58.405,    45.253,   -59.94,      0,   1
   -61.117,    42.328,    -3.34,      0,   1
   -60.177,    47.444,  -138.48,      0,   1
   -59.105,    40.865,   -25.88,      0,   1
   -59.649,    45.675,   -29.81,      0,   1
   -58.917,    44.784,   -50.95,      0,   1
   -59.281,    46.703,   -31.86,      0,   1
   -60.503,    47.529,   -94.67,      0,   1
   -60.435,    46.499,   -19.64,      0,   1
   -58.570,    44.976,   -51.10,      0,   1
   -59.907,    49.344,  -173.91,      0,   1
   -58.401,    43.721,    -1.11,      0,   1
   -59.950,    44.788,    -0.66,      0,   1
   -61.561,    48.167,   -39.84,      0,   1
   -60.111,    48.991,  -208.61,      0,   1
   -58.183,    45.099,   -13.12,      0,   1
   -57.388,    44.108,    -3.42,      0,   1
   -60.744,    47.252,   -39.76,      0,   1
   -58.457,    44.874,   -10.51,      0,   1
   -59.692,    48.101,   -81.95,      0,   1
   -59.664,    46.187,    -8.02,      0,   1
   -59.924,    48.257,  -104.63,      0,   1
   -65.185,    41.314,   -94.77,      0,   1
   -59.773,    49.003,   -35.02,      0,   1
   -61.877,    46.399,   -26.69,      0,   1
   -58.558,    45.673,   -54.82,      0,   1
   -65.047,    41.582,   -22.16,      0,   1
   -59.950,    47.566,  -165.40,      0,   1
   -61.690,    46.741,   -60.49,      0,   1
   -59.581,    45.754,   -90.42,      0,   1
   -59.849,    48.032,   -77.61,      0,   1
   -59.782,    39.781,   -45.26,      0,   1
   -57.728,    47.052,    -8.81,      0,   1
   -60.180,    48.353,    -9.19,      0,   1
   -59.811,    47.332,  -204.91,      0,   1
   -58.794,    48.347,    -7.94,      0,   1
   -61.202,    48.608,  -102.12,      0,   1
   -60.986,    47.658,   -25.62,      0,   1
   -57.240,    45.281,   -59.25,      0,   1
   -55.072,    45.344,   -16.62,      0,   1
   -59.245,    45.866,   -15.01,      0,   1
   -57.345,    51.114,   -23.28,      0,   1
   -60.049,    47.324,  -133.39,      0,   1
   -61.169,    48.089,   -50.12,      0,   1
   -66.994,    43.991,   -36.63,      0,   1
   -66.338,    44.934,   -36.70,      0,   1
   -57.274,    46.860,   -31.00,      0,   1
   -57.005,    43.562,    -2.47,      0,   1
   -58.643,    50.169,  -123.20,      0,   1
   -59.986,    48.709,  -176.28,      0,   1
   -59.411,    48.330,  -109.04,      0,   1
   -59.882,    48.667,   -21.23,      0,   1
   -60.477,    48.182,   -17.68,      0,   1
   -59.432,    48.522,   -98.62,      0,   1
   -59.787,    49.367,   -32.67,      0,   1
   -59.558,    45.827,   -40.94,      0,   1
   -60.513,    48.141,   -10.75,      0,   1
   -58.247,    50.207,   -47.06,      0,   1
   -59.792,    49.011,   -34.76,      0,   1
   -59.548,    48.590,  -132.84,      0,   1
   -59.662,    49.260,   -99.13,      0,   1
   -59.087,    48.203,   -39.60,      0,   1
   -59.830,    49.123,  -138.97,      0,   1
   -59.703,    48.749,   -12.36,      0,   1
   -59.713,    49.406,   -28.45,      0,   1
   -59.483,    49.120,   -61.39,      0,   1
   -59.639,    49.102,   -18.10,      0,   1
   -59.666,    47.666,   -23.35,      0,   1
   -58.570,    45.669,    -6.72,      0,   1
   -59.716,    49.288,  -121.28,      0,   1
   -59.773,    47.402,  -170.42,      0,   1
   -57.940,    47.248,    -4.15,      0,   1
   -54.425,    47.252,   -61.54,      0,   1
   -54.754,    47.221,   -54.36,      0,   1
   -54.880,    46.980,   -17.57,      0,   1
   -54.596,    47.273,   -58.53,      0,   1
   -55.070,    47.014,   -54.97,      0,   1
   -55.594,    45.215,   -38.39,      0,   1
   -54.438,    47.218,   -70.94,      0,   1
   -54.405,    47.197,   -74.43,      0,   1
   -51.738,    43.909,   -20.79,      0,   1
   -50.960,    44.522,   -25.63,      0,   1
   -59.701,    47.182,   -20.46,      0,   1
   -62.425,    38.090,    -1.42,     -3,   1
   -60.013,    47.498,   -77.33,      0,   1
   -60.157,    47.198,  -135.30,      0,   1
   -60.371,    47.006,   -83.24,      0,   1
   -56.950,    47.124,    -4.39,      0,   1
   -54.811,    47.060,   -90.16,      0,   1
   -55.224,    46.917,   -44.10,      0,   1
   -51.349,    45.065,   -60.37,      0,   1
   -54.339,    46.578,   -86.81,      0,   1
   -53.344,    44.917,   -80.03,      0,   1
   -53.461,    46.376,    -2.07,      0,   1
   -56.126,    45.135,   -47.14,      0,   1
   -49.293,    44.573,    -5.94,      0,   1
   -50.334,    43.672,   -32.54,      0,   1
   -54.530,    44.881,   -58.58,      0,   1
   -53.117,    45.659,   -49.47,      0,   1
   -54.701,    47.131,   -85.33,      0,   1
   -48.169,    46.027,   -24.27,      0,   1
   -52.644,    44.094,   -14.29,      0,   1
   -51.522,    45.283,   -50.57,      0,   1
   -49.623,    43.669,   -98.34,      0,   1
   -51.733,    46.539,   -50.05,      0,   1
   -50.997,    45.795,   -61.43,      0,   1
   -59.827,    49.163,  -120.29,      0,   1
   -53.634,    46.553,   -21.89,      0,   1
   -59.894,    48.756,  -211.43,      0,   1
   -50.047,    43.813,   -14.63,      0,   1
   -59.828,    49.126,  -142.11,      0,   1
   -51.473,    47.016,   -81.17,      0,   1
   -59.684,    49.408,  -122.40,      0,   1
   -53.192,    46.473,   -61.06,      0,   1
   -59.934,    48.900,   -89.04,      0,   1
   -50.636,    46.829,   -36.20,      0,   1
   -59.866,    48.635,   -50.75,      0,   1
   -53.150,    43.742,    -4.91,      0,   1
   -59.907,    47.998,  -319.99,      0,   1
   -49.082,    46.723,   -32.85,      0,   1
   -59.652,    49.291,  -136.02,      0,   1
   -52.025,    44.270,    -8.34,      0,   1
   -59.622,    49.311,  -105.42,      0,   1
   -52.438,    45.265,   -47.37,      0,   1
   -59.565,    49.381,   -77.87,      0,   1
   -53.417,    44.358,    -4.19,      0,   1
   -59.671,    49.344,  -115.32,      0,   1
   -50.702,    43.799,   -18.21,      0,   1
   -59.077,    50.234,   -70.91,      0,   1
   -52.166,    45.108,   -57.52,      0,   1
   -59.760,    49.312,  -104.44,      0,   1
   -51.725,    46.280,   -32.90,      0,   1
   -53.041,    45.834,    -0.66,      0,   1
   -49.266,    45.601,   -20.41,      0,   1
   -59.513,    49.042,   -39.87,      0,   1
   -56.440,    47.511,   -83.75,      0,   1
   -50.463,    43.797,   -41.66,      0,   1
   -59.407,    50.047,   -26.26,      0,   1
   -56.421,    47.537,   -74.89,      0,   1
   -52.000,    44.874,   -27.52,      0,   1
   -57.665,    50.977,   -53.32,      0,   1
   -56.578,    47.550,   -28.48,      0,   1
   -54.606,    47.228,    -4.89,      0,   1
   -59.825,    49.471,  -151.88,      0,   1
   -55.142,    46.066,   -93.43,      0,   1
   -59.471,    49.410,   -49.94,      0,   1
   -56.403,    46.506,   -87.45,      0,   1
   -58.531,    50.041,  -156.56,      0,   1
   -55.295,    46.240,  -147.51,      0,   1
   -59.569,    48.122,  -159.48,      0,   1
   -50.924,    46.906,   -65.22,      0,   1
   -59.705,    49.279,   -49.39,      0,   1
   -55.970,    46.554,  -119.74,      0,   1
   -58.619,    50.585,  -104.88,      0,   1
   -50.604,    46.891,   -78.78,      0,   1
   -59.601,    49.227,   -94.76,      0,   1
   -54.958,    46.851,    -1.82,      0,   1
   -55.615,    46.480,  -122.58,      0,   1
   -54.933,    47.209,   -34.27,      0,   1
   -56.321,    46.198,   -12.34,      0,   1
   -54.693,    46.880,   -31.66,      0,   1
   -55.044,    47.099,   -24.43,      0,   1
   -55.457,    46.344,  -120.38,      0,   1
   -54.374,    44.891,   -57.93,      0,   1
   -66.972,    41.863,    -1.19,      0,   1
   -59.924,    42.296,   -21.00,      0,   1
   -63.452,    40.334,  -134.84,      0,   1
   -55.941,    41.847,   -18.07,      0,   1
   -63.523,    40.091,  -147.07,      0,   1
   -60.272,    39.784,   -31.00,      0,   1
   -60.483,    40.907,   -18.74,      0,   1
   -63.340,    43.727,   -38.55,      0,   1
   -62.588,    39.469,   -12.83,      0,   1
   -64.988,    42.887,   -36.41,      0,   1
   -59.221,    41.979,    -5.73,      0,   1
   -67.101,    43.394,   -11.07,      0,   1
   -60.329,    41.953,   -11.58,      0,   1
   -59.492,    42.723,    -6.51,      0,   1
   -63.391,    40.421,  -101.35,      0,   1
   -63.494,    40.162,  -164.35,      0,   1
   -55.791,    42.088,   -19.02,      0,   1
   -64.464,    41.390,   -63.04,      0,   1
   -69.288,    42.573,  -180.95,      0,   1
   -63.446,    40.096,   -35.13,      0,   1
   -62.263,    41.365,   -12.85,      0,   1
   -69.559,    41.445,   -26.09,      0,   1
   -68.489,    42.892,   -16.70,      0,   1
   -69.621,    42.039,   -93.23,      0,   1
   -68.765,    42.782,   -24.31,      0,   1
   -63.278,    40.598,   -97.87,      0,   1
   -68.212,    41.820,  -122.44,      0,   1
   -66.487,    43.896,   -13.00,      0,   1
   -64.258,    40.569,   -39.52,      0,   1
   -67.253,    40.264,   -33.88,      0,   1
   -66.422,    43.857,    -8.69,      0,   1
   -67.468,    42.621,  -203.73,      0,   1
   -69.678,    40.601,   -23.41,      0,   1
   -62.249,    40.885,   -12.54,      0,   1
   -67.086,    41.478,   -21.02,      0,   1
   -62.699,    42.195,   -27.35,      0,   1
   -69.389,    42.401,    -7.33,      0,   1
   -66.425,    41.340,   -18.11,      0,   1
   -63.418,    41.354,    -7.18,      0,   1
   -65.147,    40.630,    -2.66,      0,   1
   -69.042,    41.275,   -52.40,      0,   1
   -66.926,    43.498,   -25.11,      0,   1
   -62.839,    40.911,   -47.83,      0,   1
   -65.533,    41.661,   -13.71,      0,   1
   -61.009,    41.129,   -11.20,      0,   1
   -67.488,    41.318,    -0.33,      0,   1
   -62.987,    40.327,    -7.51,      0,   1
   -68.380,    41.517,   -46.66,      0,   1
   -68.643,    41.905,   -65.54,      0,   1
   -69.626,    41.481,   -26.51,      0,   1
   -68.096,    41.466,   -38.90,      0,   1
   -67.568,    43.245,    -6.12,      0,   1
   -66.368,    43.707,   -19.99,      0,   1
   -68.020,    40.197,    -8.26,      0,   1
   -66.951,    40.739,   -12.34,      0,   1
   -67.478,    43.308,    -3.07,      0,   1
   -65.769,    40.934,    -3.98,      0,   1
   -66.992,    41.242,   -13.98,      0,   1
   -60.194,    44.444,   -76.24,      0,   1
   -68.551,    41.815,   -53.89,      0,   1
   -62.114,    39.380,   -38.02,      0,   1
   -61.007,    39.325,    -2.96,      0,   1
   -62.755,    40.928,   -17.60,      0,   1
   -59.190,    41.991,    -1.98,      0,   1
   -62.561,    41.088,   -16.16,      0,   1
   -61.895,    41.869,   -13.03,      0,   1
   -59.900,    42.174,    -8.24,      0,   1
   -59.652,    49.641,  -182.84,      0,   1
   -55.723,    41.800,    -4.31,      0,   1
   -59.746,    47.804,   -33.20,      0,   1
   -56.173,    42.326,   -21.12,      0,   1
   -59.942,    45.860,   -38.04,      0,   1
   -62.549,    39.597,   -20.51,      0,   1
   -57.079,    46.721,    -0.71,      0,   1
   -62.738,    39.718,   -27.06,      0,   1
   -58.774,    50.351,   -70.50,      0,   1
   -63.477,    41.295,    -6.18,      0,   1
   -59.942,    48.007,  -348.03,      0,   1
   -66.590,    44.043,   -84.16,      0,   1
   -60.650,    47.979,   -85.36,      0,   1
   -65.019,    42.161,    -9.87,      0,   1
   -59.911,    49.239,  -121.96,      0,   1
   -67.197,    43.644,  -143.49,      0,   1
   -60.279,    47.258,   -57.84,      0,   1
   -59.799,    42.048,    -5.93,      0,   1
   -59.763,    49.983,   -35.42,      0,   1
   -57.405,    40.457,    -6.09,      0,   1
   -61.926,    41.041,   -46.80,      0,   1
   -60.065,    46.996,    -1.20,      0,   1
   -59.796,    46.040,    -9.48,      0,   1
   -66.676,    42.474,  -149.89,      0,   1
   -60.521,    47.357,    -2.33,      0,   1
   -68.639,    41.384,   -38.07,      0,   1
   -67.070,    43.692,  -154.55,      0,   1
   -59.632,    48.512,   -89.79,      0,   1
   -60.132,    47.353,   -95.16,      0,   1
   -69.786,    43.474,   -12.76,      0,   1
   -59.560,    49.173,   -12.37,      0,   1
   -62.259,    41.268,   -54.06,      0,   1
   -67.562,    42.582,  -178.33,      0,   1
   -59.681,    49.398,   -12.83,      0,   1
   -61.961,    46.209,    -8.09,      0,   1
   -65.635,    42.607,   -79.67,      0,   1
   -66.395,    43.282,   -26.24,      0,   1
   -58.337,    50.756,   -81.94,      0,   1
   -64.630,    40.787,  -105.89,      0,   1
   -60.285,    46.563,   -10.27,      0,   1
   -56.670,    47.411,   -23.06,      0,   1
   -59.964,    47.257,  -147.52,      0,   1
   -63.250,    40.776,    -4.84,      0,   1
   -63.002,    39.573,   -14.65,      0,   1
   -67.107,    44.328,   -15.99,      0,   1
   -58.901,    44.863,   -38.13,      0,   1
   -57.541,    50.656,   -62.66,      0,   1
   -59.445,    44.187,   -14.20,      0,   1
   -60.059,    47.444,  -249.95,      0,   1
   -58.797,    45.071,   -14.55,      0,   1
   -60.170,    46.431,   -26.31,      0,   1
   -59.692,    49.131,  -195.78,      0,   1
   -58.008,    47.395,   -25.63,      0,   1
   -59.632,    49.367,   -16.87,      0,   1
   -61.309,    48.887,  -122.99,      0,   1
   -59.543,    48.423,   -85.61,      0,   1
   -61.441,    48.083,   -19.20,      0,   1
   -59.922,    47.284,  -109.65,      0,   1
   -59.701,    49.339,  -110.21,      0,   1
   -60.838,    48.813,  -119.50,      0,   1
   -60.141,    46.973,  -117.38,      0,   1
   -59.386,    48.670,   -94.52,      0,   1
   -60.637,    48.619,  -160.20,      0,   1
   -60.447,    47.345,   -40.88,      0,   1
   -59.723,    49.484,  -102.79,      0,   1
   -59.690,    49.279,  -104.70,      0,   1
   -59.423,    46.966,   -30.76,      0,   1
   -59.742,    49.436,  -150.09,      0,   1
   -59.248,    48.645,   -61.14,      0,   1
   -59.194,    48.263,   -39.40,      0,   1
   -58.755,    50.519,   -59.70,      0,   1
   -59.652,    49.534,   -60.33,      0,   1
   -59.173,    49.600,   -43.06,      0,   1
   -59.777,    47.937,   -47.20,      0,   1
   -59.386,    45.808,   -42.49,      0,   1
   -54.053,    47.202,   -22.23,      0,   1
   -54.125,    47.238,    -1.01,      0,   1
   -54.891,    47.199,   -46.85,      0,   1
   -55.039,    47.001,   -62.92,      0,   1
   -54.105,    47.331,    -4.27,      0,   1
   -54.452,    46.142,    -7.55,      0,   1
   -54.072,    47.236,    -3.33,      0,   1
   -61.640,    43.333,   -22.93,      0,   1
   -54.498,    46.227,   -17.61,      0,   1
   -55.644,    46.656,    -3.42,      0,   1
   -54.117,    40.780,   -11.60,     -3,   1
   -59.982,    44.625,  -117.89,      0,   1
   -59.662,    47.232,  -124.50,      0,   1
   -61.579,    46.110,    -9.52,      0,   1
   -50.796,    45.102,   -35.98,      0,   1
   -53.000,    46.504,    -1.64,      0,   1
   -51.419,    43.510,   -50.20,      0,   1
   -51.105,    45.832,    -5.55,      0,   1
   -59.408,    43.814,   -40.84,      0,   1
   -57.194,    45.182,  -342.82,      0,   1
   -52.402,    44.811,   -27.91,      0,   1
   -51.530,    46.801,   -74.30,      0,   1
   -49.752,    47.326,   -43.40,      0,   1
   -50.947,    46.169,   -37.86,      0,   1
   -49.743,    43.465,    -0.77,      0,   1
   -50.534,    43.263,   -25.05,      0,   1
   -52.112,    46.113,   -71.74,      0,   1
   -54.577,    44.802,   -32.90,      0,   1
   -49.451,    44.690,   -67.61,      0,   1
   -59.343,    43.894,  -178.28,      0,   1
   -60.136,    43.864,   -32.32,      0,   1
   -58.388,    47.349,  -110.88,      0,   1
   -52.489,    42.525,    -1.49,      0,   1
   -51.422,    46.701,   -63.76,      0,   1
   -57.910,    50.425,  -140.04,      0,   1
   -47.604,    46.740,   -13.55,      0,   1
   -59.705,    49.364,  -119.31,      0,   1
   -49.449,    45.688,    -5.10,      0,   1
   -59.728,    49.315,   -99.71,      0,   1
   -53.936,    45.862,   -70.69,      0,   1
   -59.201,    49.278,    -3.93,      0,   1
   -51.408,    45.929,   -13.63,      0,   1
   -59.575,    49.497,  -165.44,      0,   1
   -54.622,    46.258,   -11.02,      0,   1
   -59.848,    49.342,   -91.25,      0,   1
   -54.255,    45.890,    -4.39,      0,   1
   -59.611,    49.512,  -156.27,      0,   1
   -54.375,    46.985,   -98.89,      0,   1
   -59.491,    49.272,   -98.06,      0,   1
   -51.517,    46.389,   -62.47,      0,   1
   -59.447,    48.717,  -115.01,      0,   1
   -51.717,    45.761,   -59.51,      0,   1
   -59.608,    49.168,   -72.13,      0,   1
   -48.456,    45.974,   -38.42,      0,   1
   -59.914,    48.732,  -239.43,      0,   1
   -52.952,    44.886,   -34.99,      0,   1
   -60.255,    46.390,   -22.33,      0,   1
   -52.637,    44.961,   -49.73,      0,   1
   -59.581,    49.377,   -76.53,      0,   1
   -53.847,    45.854,   -25.30,      0,   1
   -51.332,    45.018,   -35.07,      0,   1
   -57.996,    50.352,   -34.21,      0,   1
   -53.076,    45.974,   -44.51,      0,   1
   -59.472,    49.053,   -39.46,      0,   1
   -57.309,    47.569,   -38.29,      0,   1
   -49.024,    46.543,   -25.03,      0,   1
   -59.870,    49.345,  -100.78,      0,   1
   -51.146,    45.325,   -40.28,      0,   1
   -50.346,    46.947,   -28.22,      0,   1
   -58.213,    50.148,  -128.71,      0,   1
   -55.708,    47.206,   -59.65,      0,   1
   -54.076,    45.975,   -72.37,      0,   1
   -59.193,    48.576,   -49.28,      0,   1
   -55.936,    46.627,  -103.07,      0,   1
   -59.371,    49.284,   -30.90,      0,   1
   -50.313,    47.008,   -53.48,      0,   1
   -59.579,    49.197,   -44.64,      0,   1
   -55.583,    46.361,  -135.49,      0,   1
   -59.670,    48.852,   -10.86,      0,   1
   -49.861,    43.082,    -4.60,      0,   1
   -57.696,    50.362,   -69.09,      0,   1
   -55.481,    46.316,  -130.08,      0,   1
   -59.225,    49.520,   -56.78,      0,   1
   -54.255,    44.250,    -7.69,      0,   1
   -59.922,    49.433,  -106.80,      0,   1
   -54.840,    47.213,   -48.71,      0,   1
   -55.465,    46.618,    -3.21,      0,   1
   -55.815,    46.613,   -33.34,      0,   1
   -55.033,    47.061,   -53.39,      0,   1
   -55.012,    47.078,   -53.51,      0,   1
   -54.302,    47.259,    -6.91,      0,   1
   -54.566,    47.142,   -89.66,      0,   1
   -49.437,    44.902,   -23.81,      0,   1
   -59.538,    42.109,   -17.70,      0,   1
   -62.392,    43.867,   -68.50,      0,   1
   -56.839,    41.531,   -10.22,      0,   1
   -63.391,    40.421,  -123.68,      0,   1
   -63.307,    40.153,   -20.19,      0,   1
   -63.151,    40.821,    -9.51,      0,   1
   -63.235,    40.438,   -26.76,      0,   1
   -63.196,    39.729,   -15.33,      0,   1
   -64.088,    40.874,    -4.38,      0,   1
   -57.799,    41.600,   -25.71,      0,   1
   -64.565,    40.497,   -45.41,      0,   1
   -63.360,    40.452,   -99.95,      0,   1
   -65.130,    40.549,    -5.73,      0,   1
   -67.719,    43.870,   -12.56,      0,   1
   -62.388,    41.214,   -18.42,      0,   1
   -70.320,    42.785,   -79.07,      0,   1
   -69.372,    42.794,  -148.16,      0,   1
   -69.126,    41.136,   -11.82,      0,   1
   -66.245,    44.032,   -25.99,      0,   1
   -66.613,    42.602,   -35.01,      0,   1
   -64.925,    42.588,   -11.90,      0,   1
   -67.948,    40.920,    -2.39,      0,   1
   -67.560,    40.487,   -17.82,      0,   1
   -58.663,    40.693,   -24.70,      0,   1
   -63.028,    40.587,   -39.85,      0,   1
   -68.212,    42.995,   -57.34,      0,   1
   -64.955,    41.391,   -15.88,      0,   1
   -54.767,    40.574,   -23.71,     -3,   1
   -61.533,    46.806,   -33.48,      0,   1
   -59.398,    40.932,   -25.28,      0,   1
   -58.137,    45.394,   -64.00,      0,   1
   -61.946,    44.969,   -10.71,      0,   1
   -57.180,    45.451,   -42.05,      0,   1
   -65.431,    41.540,  -107.77,      0,   1
   -59.800,    46.326,   -10.07,      0,   1
   -59.042,    44.796,   -43.69,      0,   1
   -60.973,    45.051,   -49.28,      0,   1
   -60.783,    41.737,   -34.68,      0,   1
   -58.388,    45.043,   -24.27,      0,   1
   -59.702,    47.279,  -145.78,      0,   1
   -57.449,    43.740,    -3.86,      0,   1
   -62.269,    44.479,    -1.17,      0,   1
   -58.919,    44.778,   -18.22,      0,   1
   -60.009,    45.210,    -8.08,      0,   1
   -60.951,    48.027,  -115.52,      0,   1
   -57.640,    46.489,   -11.11,      0,   1
   -58.906,    45.292,    -7.86,      0,   1
   -61.437,    48.045,   -84.10,      0,   1
   -60.608,    48.793,   -46.57,      0,   1
   -60.739,    46.945,   -45.17,      0,   1
   -57.766,    46.551,   -18.81,      0,   1
   -61.315,    48.211,  -216.26,      0,   1
   -61.453,    47.885,   -29.28,      0,   1
   -59.770,    49.023,   -34.00,      0,   1
   -59.966,    47.434,  -259.75,      0,   1
   -59.794,    47.021,   -73.40,      0,   1
   -63.532,    40.268,  -177.62,      0,   1
   -59.418,    48.851,  -128.89,      0,   1
   -48.630,    45.727,    -1.56,      0,   1
   -56.418,    47.011,    -8.93,      0,   1
   -66.483,    39.731,    -5.44,      0,   1
   -59.920,    47.541,    -2.56,      0,   1
   -61.881,    46.414,   -31.35,      0,   1
   -62.737,    42.772,   -20.28,      0,   1
   -65.348,    40.719,   -71.42,      0,   1
   -59.743,    45.633,   -37.54,      0,   1
   -58.614,    49.928,  -130.45,      0,   1
   -60.002,    46.703,   -66.26,      0,   1
   -59.825,    47.630,  -125.20,      0,   1
   -58.230,    47.398,   -17.41,      0,   1
   -49.051,    45.409,    -7.08,      0,   1
   -59.842,    47.612,  -109.40,      0,   1
   -67.320,    40.272,  -106.50,      0,   1
   -60.179,    46.981,  -125.85,      0,   1
   -61.341,    46.810,   -56.16,      0,   1
   -62.522,    42.792,   -11.50,      0,   1
   -61.632,    42.089,    -8.35,      0,   1
   -60.313,    46.565,    -8.35,      0,   1
   -57.238,    51.039,   -13.88,      0,   1
   -67.116,    42.316,   -18.63,      0,   1
   -66.230,    42.973,   -10.57,      0,   1
   -57.274,    50.837,   -16.77,      0,   1
   -61.008,    48.705,  -111.89,      0,   1
   -60.088,    48.476,   -10.90,      0,   1
   -59.906,    48.857,  -157.57,      0,   1
   -60.516,    47.861,   -56.67,      0,   1
   -59.007,    49.407,  -132.43,      0,   1
   -60.526,    47.532,   -23.95,      0,   1
   -59.535,    48.716,  -141.36,      0,   1
   -60.825,    48.990,   -89.06,      0,   1
   -60.697,    48.868,  -170.59,      0,   1
   -60.619,    48.891,  -176.25,      0,   1
   -59.861,    49.332,  -101.55,      0,   1
   -58.017,    50.334,  -132.20,      0,   1
   -59.263,    49.947,   -57.86,      0,   1
   -59.830,    49.310,   -91.58,      0,   1
   -59.916,    49.492,   -29.78,      0,   1
   -59.598,    49.693,  -181.22,      0,   1
   -59.754,    49.317,  -174.23,      0,   1
   -59.740,    49.115,   -36.21,      0,   1
   -57.659,    50.730,   -74.03,      0,   1
   -60.121,    48.350,   -87.54,      0,   1
   -57.649,    50.733,   -33.67,      0,   1
   -59.605,    45.679,   -69.35,      0,   1
   -60.386,    48.053,   -71.14,      0,   1
   -54.180,    47.209,   -45.16,      0,   1
   -55.149,    46.913,   -60.94,      0,   1
   -54.964,    46.685,    -1.26,      0,   1
   -55.905,    46.455,   -18.53,      0,   1
   -54.197,    47.373,   -25.61,      0,   1
   -54.797,    47.210,   -53.55,      0,   1
   -55.024,    46.281,    -6.97,      0,   1
   -54.811,    47.158,   -61.89,      0,   1
   -51.576,    45.164,   -18.41,      0,   1
   -49.576,    45.120,   -18.91,      0,   1
   -54.268,    45.876,    -8.21,      0,   1
   -51.497,    46.322,   -58.68,      0,   1
   -62.382,    43.112,   -35.80,      0,   1
   -53.804,    46.339,   -28.41,      0,   1
   -49.649,    45.372,   -29.65,      0,   1
   -58.342,    44.377,  -127.62,      0,   1
   -53.000,    45.973,   -54.15,      0,   1
   -51.428,    45.812,   -33.49,      0,   1
   -53.692,    44.047,    -6.22,      0,   1
   -51.900,    44.530,   -27.24,      0,   1
   -61.548,    42.499,    -5.94,      0,   1
   -51.092,    44.507,   -15.70,      0,   1
   -52.191,    45.815,   -12.82,      0,   1
   -57.650,    46.193,   -21.27,      0,   1
   -49.608,    47.038,   -26.79,      0,   1
   -50.698,    44.152,   -16.60,      0,   1
   -55.742,    47.069,   -45.01,      0,   1
   -50.051,    44.230,   -26.73,      0,   1
   -60.540,    43.295,   -25.21,      0,   1
   -51.153,    46.548,   -31.33,      0,   1
   -53.304,    44.812,   -87.80,      0,   1
   -51.840,    46.313,   -17.74,      0,   1
   -49.766,    43.403,    -3.09,      0,   1
   -50.704,    44.111,   -44.59,      0,   1
   -57.645,    50.502,   -71.82,      0,   1
   -48.260,    46.956,   -20.54,      0,   1
   -59.693,    49.472,   -15.76,      0,   1
   -51.514,    46.238,   -75.95,      0,   1
   -59.170,    50.446,   -57.01,      0,   1
   -51.162,    46.228,   -54.39,      0,   1
   -59.730,    48.333,  -183.94,      0,   1
   -52.037,    46.704,   -41.93,      0,   1
   -59.349,    48.664,   -82.75,      0,   1
   -54.029,    46.110,   -64.89,      0,   1
   -59.831,    49.482,   -26.67,      0,   1
   -50.619,    46.172,   -62.19,      0,   1
   -59.790,    49.312,   -94.52,      0,   1
   -51.056,    43.998,   -18.15,      0,   1
   -59.025,    50.650,   -27.76,      0,   1
   -50.075,    46.164,   -29.59,      0,   1
   -59.952,    49.455,  -114.52,      0,   1
   -53.654,    44.714,  -230.59,      0,   1
   -59.637,    49.286,  -101.67,      0,   1
   -51.939,    44.710,   -40.43,      0,   1
   -59.992,    47.818,   -42.38,      0,   1
   -51.018,    45.471,    -6.66,      0,   1
   -60.319,    49.982,   -29.77,      0,   1
   -53.549,    44.688,  -215.18,      0,   1
   -52.821,    45.319,   -10.07,      0,   1
   -53.711,    45.817,   -19.88,      0,   1
   -59.600,    49.189,   -48.99,      0,   1
   -49.620,    44.831,    -0.60,      0,   1
   -50.825,    44.022,    -7.06,      0,   1
   -59.725,    49.408,  -153.88,      0,   1
   -55.870,    47.266,   -69.63,      0,   1
   -50.021,    47.537,   -54.65,      0,   1
   -57.787,    50.337,   -82.37,      0,   1
   -56.122,    47.036,   -75.85,      0,   1
   -49.708,    43.366,    -2.74,      0,   1
   -59.922,    48.036,  -313.68,      0,   1
   -53.589,    45.243,   -23.24,      0,   1
   -57.586,    46.809,   -35.63,      0,   1
   -49.650,    46.399,   -28.57,      0,   1
   -59.466,    49.236,   -18.84,      0,   1
   -55.562,    46.292,  -131.71,      0,   1
   -57.701,    50.393,   -62.70,      0,   1
   -55.430,    46.255,  -136.41,      0,   1
   -60.008,    46.570,    -8.56,      0,   1
   -54.873,    47.279,   -23.70,      0,   1
   -57.678,    50.400,   -62.62,      0,   1
   -55.207,    45.910,   -96.56,      0,   1
   -59.598,    49.165,   -80.90,      0,   1
   -55.635,    46.553,  -108.54,      0,   1
   -54.078,    47.324,    -6.69,      0,   1
   -55.229,    46.865,   -56.83,      0,   1
   -54.744,    47.157,   -68.48,      0,   1
   -54.991,    47.247,    -4.35,      0,   1
   -54.234,    47.333,    -7.77,      0,   1
   -54.260,    47.310,   -31.90,      0,   1
   -56.075,    44.216,    -5.20,      0,   1
   -51.334,    46.886,   -50.99,      0,   1
   -67.175,    43.800,   -60.19,      0,   1
   -69.695,    41.864,   -16.57,      0,   1
   -62.702,    41.723,    -5.64,      0,   1
   -63.499,    40.186,  -120.88,      0,   1
   -67.068,    43.574,   -77.86,      0,   1
   -59.996,    42.258,    -5.49,      0,   1
   -65.482,    41.072,   -33.47,      0,   1
   -65.159,    40.630,   -35.16,      0,   1
   -64.618,    40.806,    -5.77,      0,   1
   -63.308,    40.069,   -19.14,      0,   1
   -61.637,    41.296,    -5.53,      0,   1
   -62.796,    39.527,   -10.94,      0,   1
   -65.411,    41.061,   -28.32,      0,   1
   -67.300,    43.681,   -62.10,      0,   1
   -63.047,    41.469,    -4.07,      0,   1
   -64.188,    40.599,   -38.52,      0,   1
   -61.633,    42.785,    -3.00,      0,   1
   -69.259,    42.656,  -161.27,      0,   1
   -66.859,    42.527,   -83.13,      0,   1
   -61.165,    39.355,    -4.53,      0,   1
   -62.743,    40.338,   -20.19,      0,   1
   -62.389,    41.665,    -2.78,      0,   1
   -68.348,    41.886,   -49.61,      0,   1
   -69.637,    42.679,    -6.65,      0,   1
   -69.464,    43.320,   -75.71,      0,   1
   -67.487,    44.476,   -13.12,      0,   1
   -63.398,    40.402,  -117.11,      0,   1
   -56.505,    42.130,   -17.93,      0,   1
   -60.864,    41.218,   -44.42,      0,   1
   -67.041,    43.440,   -51.34,      0,   1
   -67.630,    44.507,    -3.87,      0,   1
   -62.686,    39.416,  -116.47,      0,   1
   -69.957,    40.765,    -9.10,      0,   1
   -57.697,    41.562,   -26.91,      0,   1
   -63.976,    41.773,   -16.78,      0,   1
   -65.925,    40.914,    -1.12,      0,   1
   -58.474,    41.679,   -12.25,      0,   1
   -59.735,    42.263,   -17.02,      0,   1
   -63.156,    41.380,    -2.93,      0,   1
   -66.665,    40.389,   -96.74,      0,   1
   -62.734,    40.760,   -45.18,      0,   1
   -62.691,    41.006,   -32.16,      0,   1
   -63.037,    39.869,    -7.79,      0,   1
   -67.275,    40.362,   -27.78,      0,   1
   -66.901,    41.438,   -37.79,      0,   1
   -61.170,    39.470,    -3.57,      0,   1
   -66.091,    41.506,   -14.09,      0,   1
   -67.029,    39.542,    -9.25,      0,   1
   -67.289,    41.515,   -27.44,      0,   1
   -67.919,    41.394,   -34.56,      0,   1
   -65.835,    41.816,   -15.25,      0,   1
   -62.390,    41.203,   -19.78,      0,   1
   -67.102,    43.376,   -82.82,      0,   1
   -68.429,    41.508,   -53.67,      0,   1
   -69.602,    41.417,    -8.09,      0,   1
   -67.352,    43.484,   -70.24,      0,   1
   -65.937,    41.764,   -10.07,      0,   1
   -66.322,    40.881,    -3.39,      0,   1
   -62.936,    41.345,    -1.46,      0,   1
   -64.700,    41.920,    -6.09,      0,   1
   -63.117,    40.515,   -29.11,      0,   1
   -60.630,    39.648,   -48.25,      0,   1
   -63.444,    40.275,  -117.70,      0,   1
   -62.989,    40.119,    -4.30,      0,   1
   -60.850,    41.963,   -13.14,      0,   1
   -63.874,    40.842,   -15.66,      0,   1
   -63.135,    41.273,    -1.06,      0,   1
   -63.152,    40.040,    -6.06,      0,   1
   -58.258,    45.851,   -20.90,      0,   1
   -56.159,    42.210,   -24.76,      0,   1
   -60.229,    49.032,  -127.40,      0,   1
   -67.292,    43.605,  -101.91,      0,   1
   -59.538,    48.664,  -126.27,      0,   1
   -66.675,    44.395,   -39.99,      0,   1
   -57.747,    46.569,   -23.22,      0,   1
   -55.548,    41.333,    -3.16,      0,   1
   -59.706,    49.076,   -18.35,      0,   1
   -60.892,    44.261,   -42.83,      0,   1
   -59.945,    46.631,   -69.29,      0,   1
   -66.504,    42.636,   -76.60,      0,   1
   -59.795,    49.226,  -109.93,      0,   1
   -64.510,    40.505,   -38.78,      0,   1
   -59.875,    48.927,   -49.52,      0,   1
   -69.838,    42.861,    -9.77,      0,   1
   -60.212,    47.212,   -10.11,      0,   1
   -64.642,    40.500,   -45.13,      0,   1
   -61.223,    39.423,    -8.82,      0,   1
   -58.604,    45.064,   -11.00,      0,   1
   -57.593,    45.925,    -2.49,      0,   1
   -67.273,    42.525,  -116.74,      0,   1
   -57.571,    50.794,   -56.81,      0,   1
   -54.707,    41.003,   -49.73,      0,   1
   -67.620,    42.561,  -161.08,      0,   1
   -59.775,    48.683,  -206.29,      0,   1
   -59.858,    46.901,  -103.28,      0,   1
   -68.531,    43.992,   -33.95,      0,   1
   -60.338,    47.605,  -161.65,      0,   1
   -63.440,    40.199,  -186.50,      0,   1
   -67.617,    42.893,  -161.18,      0,   1
   -57.152,    50.916,    -9.53,      0,   1
   -59.982,    47.113,  -121.67,      0,   1
   -66.904,    44.478,   -56.21,      0,   1
   -57.535,    50.793,   -58.51,      0,   1
   -63.338,    37.788,     0.39,     -3,   1
   -57.364,    41.538,   -16.85,      0,   1
   -60.805,    47.801,   -78.33,      0,   1
   -66.525,    44.879,   -53.63,      0,   1
   -67.434,    43.385,  -159.52,      0,   1
   -59.819,    45.914,   -21.01,      0,   1
   -62.906,    39.954,   -21.83,      0,   1
   -66.237,    44.777,   -18.86,      0,   1
   -67.310,    43.420,  -176.84,      0,   1
   -60.765,    47.689,   -92.09,      0,   1
   -60.672,    47.888,  -129.73,      0,   1
   -60.427,    47.889,   -51.19,      0,   1
   -59.557,    48.803,  -148.06,      0,   1
   -61.272,    48.743,   -78.91,      0,   1
   -60.227,    47.407,   -63.84,      0,   1
   -60.206,    48.343,   -56.90,      0,   1
   -60.225,    46.443,   -32.82,      0,   1
   -59.613,    49.151,  -172.14,      0,   1
   -59.732,    48.616,    -9.88,      0,   1
   -60.318,    46.548,    -7.93,      0,   1
   -60.022,    48.676,  -237.61,      0,   1
   -59.128,    48.582,   -29.02,      0,   1
   -61.269,    48.886,  -125.57,      0,   1
   -59.757,    47.356,  -131.01,      0,   1
   -59.757,    47.515,  -133.28,      0,   1
   -57.576,    47.155,    -6.02,      0,   1
   -59.807,    49.309,   -79.18,      0,   1
   -59.807,    49.988,    -9.09,      0,   1
   -59.266,    50.052,  -113.98,      0,   1
   -60.088,    46.799,   -85.04,      0,   1
   -61.249,    48.729,   -80.98,      0,   1
   -59.411,    49.208,   -67.20,      0,   1
   -59.672,    49.266,   -82.99,      0,   1
   -60.095,    49.339,   -93.71,      0,   1
   -60.076,    47.024,   -66.48,      0,   1
   -58.557,    45.131,   -44.16,      0,   1
   -54.133,    47.133,   -13.02,      0,   1
   -55.114,    47.027,   -16.84,      0,   1
   -54.996,    47.013,   -29.12,      0,   1
   -56.324,    45.026,   -14.02,      0,   1
   -55.649,    46.828,   -50.21,      0,   1
   -54.082,    47.141,   -31.48,      0,   1
   -55.492,    46.292,  -137.12,      0,   1
   -55.128,    46.988,   -50.05,      0,   1
   -54.522,    47.174,    -9.22,      0,   1
   -55.532,    46.908,    -3.54,      0,   1
   -61.406,    46.396,   -23.66,      0,   1
   -59.842,    46.952,  -237.48,      0,   1
   -51.052,    46.172,    -9.39,      0,   1
   -52.526,    44.031,    -5.62,      0,   1
   -52.434,    45.908,    -0.25,      0,   1
   -51.729,    45.455,    -3.93,      0,   1
   -57.410,    45.244,    -8.79,      0,   1
   -52.732,    43.148,   -12.18,      0,   1
   -50.892,    44.243,   -18.72,      0,   1
   -51.008,    46.040,   -41.75,      0,   1
   -51.202,    46.933,   -57.45,      0,   1
   -54.131,    44.659,   -40.79,      0,   1
   -49.824,    46.749,   -18.09,      0,   1
   -50.700,    46.166,   -73.81,      0,   1
   -54.931,    44.558,   -24.17,      0,   1
   -51.081,    46.409,   -32.87,      0,   1
   -49.500,    44.505,   -56.77,      0,   1
   -50.781,    43.258,   -33.59,      0,   1
   -50.550,    43.802,   -34.08,      0,   1
   -56.417,    47.092,   -42.40,      0,   1
   -58.145,    44.520,   -56.64,      0,   1
   -50.406,    43.665,   -30.99,      0,   1
   -51.288,    43.588,   -56.55,      0,   1
   -49.682,    46.542,   -18.82,      0,   1
   -59.604,    48.566,  -148.46,      0,   1
   -49.796,    47.372,   -33.49,      0,   1
   -59.715,    49.348,  -142.44,      0,   1
   -50.395,    44.372,   -40.75,      0,   1
   -58.569,    50.412,    -0.88,      0,   1
   -53.298,    46.349,   -92.13,      0,   1
   -59.972,    49.380,   -94.77,      0,   1
   -51.766,    46.660,   -42.40,      0,   1
   -59.646,    49.285,   -69.77,      0,   1
   -53.820,    44.867,    -0.92,      0,   1
   -60.612,    48.056,   -17.32,      0,   1
   -51.315,    44.692,   -42.76,      0,   1
   -59.974,    49.287,   -60.35,      0,   1
   -53.355,    44.846,   -84.99,      0,   1
   -59.628,    49.293,  -101.36,      0,   1
   -54.294,    46.684,    -3.88,      0,   1
   -59.578,    49.186,  -168.15,      0,   1
   -50.458,    44.086,    -9.14,      0,   1
   -59.819,    49.318,   -66.25,      0,   1
   -51.616,    46.329,   -62.15,      0,   1
   -59.204,    48.558,   -50.60,      0,   1
   -50.124,    43.597,    -9.96,      0,   1
   -59.761,    49.218,   -43.71,      0,   1
   -45.990,    45.046,   -35.70,     -3,   1
   -60.135,    48.928,  -109.38,      0,   1
   -51.504,    43.878,   -10.06,      0,   1
   -51.331,    43.495,   -34.20,      0,   1
   -59.886,    48.769,   -60.73,      0,   1
   -52.897,    46.155,   -81.94,      0,   1
   -58.438,    50.612,   -36.86,      0,   1
   -56.031,    47.600,   -10.75,      0,   1
   -54.310,    46.725,   -75.09,      0,   1
   -59.419,    49.266,   -21.27,      0,   1
   -56.644,    47.555,   -51.83,      0,   1
   -50.641,    43.761,   -18.42,      0,   1
   -57.679,    50.429,   -53.27,      0,   1
   -55.906,    46.318,   -40.12,      0,   1
   -50.637,    46.758,   -42.45,      0,   1
   -59.470,    48.693,  -115.63,      0,   1
   -55.245,    46.018,  -131.83,      0,   1
   -59.997,    47.204,   -96.87,      0,   1
   -55.847,    46.430,  -127.09,      0,   1
   -60.518,    47.097,    -8.64,      0,   1
   -50.129,    47.220,   -45.55,      0,   1
   -59.906,    48.214,  -294.91,      0,   1
   -51.095,    44.639,   -52.69,      0,   1
   -59.732,    49.385,  -126.80,      0,   1
   -50.376,    47.054,   -83.16,      0,   1
   -59.895,    49.433,  -113.23,      0,   1
   -56.022,    46.456,  -115.96,      0,   1
   -59.111,    49.244,   -21.12,      0,   1
   -54.962,    47.176,   -43.97,      0,   1
   -54.302,    47.233,   -57.78,      0,   1
   -51.448,    45.507,   -36.48,      0,   1
   -54.469,    47.181,    -6.65,      0,   1
   -55.058,    47.159,   -14.62,      0,   1
   -54.109,    47.215,    -6.29,      0,   1
   -54.714,    46.855,    -6.61,      0,   1
   -54.113,    47.429,    -1.05,      0,   1
   -55.331,    46.225,  -141.99,      0,   1
   -63.781,    41.025,    -4.77,      0,   1
   -67.235,    43.591,   -71.96,      0,   1
   -62.098,    40.950,    -6.90,      0,   1
   -61.421,    44.069,   -30.60,      0,   1
   -62.673,    39.645,   -22.45,      0,   1
   -63.713,    40.478,    -2.46,      0,   1
   -60.342,    41.893,    -6.52,      0,   1
   -59.212,    42.026,   -25.00,      0,   1
   -62.838,    40.967,   -27.06,      0,   1
   -63.495,    40.197,  -140.35,      0,   1
   -58.924,    41.486,    -5.95,      0,   1
   -58.761,    41.972,    -5.16,      0,   1
   -66.566,    43.311,   -24.42,      0,   1
   -55.812,    41.652,   -39.50,      0,   1
   -68.397,    42.518,   -66.47,      0,   1
   -65.496,    40.786,   -42.21,      0,   1
   -67.425,    42.439,  -219.08,      0,   1
   -63.940,    41.814,   -25.48,      0,   1
   -61.730,    43.619,   -24.68,      0,   1
   -57.133,    41.489,   -10.93,      0,   1
   -66.657,    42.410,   -95.94,      0,   1
   -66.896,    43.561,   -97.37,      0,   1
   -68.114,    41.282,   -17.86,      0,   1
   -60.784,    41.618,   -24.61,      0,   1
   -62.886,    39.437,  -152.02,      0,   1
   -69.279,    42.536,   -10.46,      0,   1
   -68.094,    40.769,    -5.34,      0,   1
   -66.642,    43.692,   -54.27,      0,   1
   -57.240,    45.365,   -65.22,      0,   1
   -62.935,    40.755,   -21.24,      0,   1
   -62.586,    43.046,   -88.92,      0,   1
   -58.695,    44.241,    -6.59,      0,   1
   -53.250,    42.932,    -7.17,      0,   1
   -55.948,    41.916,   -15.47,      0,   1
   -60.143,    46.500,   -48.94,      0,   1
   -59.797,    45.913,   -39.34,      0,   1
   -57.690,    45.928,   -74.90,      0,   1
   -65.764,    41.325,   -34.82,      0,   1
   -61.912,    42.844,   -17.17,      0,   1
   -58.428,    44.360,   -18.46,      0,   1
   -60.346,    47.750,   -98.46,      0,   1
   -62.675,    44.750,   -13.33,      0,   1
   -56.774,    47.374,   -20.97,      0,   1
   -60.716,    48.071,   -17.10,      0,   1
   -62.592,    45.681,    -0.29,      0,   1
   -61.408,    48.391,   -52.27,      0,   1
   -60.572,    47.710,    -2.89,      0,   1
   -60.300,    47.432,   -30.00,      0,   1
   -61.980,    47.824,   -40.60,      0,   1
   -55.956,    43.074,   -46.86,      0,   1
   -60.312,    45.549,   -12.44,      0,   1
   -58.389,    44.891,   -74.52,      0,   1
   -56.892,    46.385,    -5.21,      0,   1
   -59.689,    45.929,    -7.41,      0,   1
   -59.557,    47.430,    -9.86,      0,   1
   -63.367,    40.592,   -34.56,      0,   1
   -58.838,    46.698,    -4.34,      0,   1
   -60.213,    46.591,    -7.69,      0,   1
   -59.526,    48.936,  -164.52,      0,   1
   -66.005,    41.048,    -0.87,      0,   1
   -59.426,    46.616,   -20.33,      0,   1
   -60.898,    46.809,   -29.53,      0,   1
   -57.412,    46.672,    -7.38,      0,   1
   -63.489,    37.738,     0.07,     -3,   1
   -52.411,    42.717,   -24.50,      0,   1
   -60.247,    46.616,    -9.82,      0,   1
   -59.709,    46.971,   -50.02,      0,   1
   -57.129,    50.985,    -3.01,      0,   1
   -61.643,    41.076,    -6.36,      0,   1
   -58.461,    45.120,   -32.61,      0,   1
   -57.394,    44.930,  -131.27,      0,   1
   -59.157,    45.255,   -62.20,      0,   1
   -60.596,    47.974,  -267.50,      0,   1
   -60.808,    47.826,   -40.33,      0,   1
   -59.991,    48.632,   -51.33,      0,   1
   -57.445,    45.737,    -0.95,      0,   1
   -59.961,    47.960,  -359.96,      0,   1
   -60.068,    46.356,    -5.41,      0,   1
   -60.630,    47.247,   -56.08,      0,   1
   -67.513,    42.495,  -178.33,      0,   1
   -59.872,    49.093,   -58.47,      0,   1
   -59.909,    49.201,  -136.84,      0,   1
   -59.830,    46.580,   -71.00,      0,   1
   -58.679,    50.221,  -117.71,      0,   1
   -60.206,    47.387,  -114.44,      0,   1
   -59.907,    46.642,   -29.19,      0,   1
   -59.906,    47.347,  -159.85,      0,   1
   -59.408,    48.268,   -36.49,      0,   1
   -59.246,    48.580,   -56.10,      0,   1
   -60.119,    45.638,   -23.25,      0,   1
   -58.849,    48.566,    -5.65,      0,   1
   -60.224,    49.221,  -207.66,      0,   1
   -59.669,    45.984,    -2.49,      0,   1
   -59.487,    49.798,   -42.95,      0,   1
   -60.344,    47.332,   -85.37,      0,   1
   -59.691,    49.376,  -103.36,      0,   1
   -58.072,    47.346,    -6.93,      0,   1
   -59.908,    49.217,   -79.75,      0,   1
   -57.976,    47.332,   -20.19,      0,   1
   -59.881,    49.199,  -175.72,      0,   1
   -59.077,    49.849,   -16.09,      0,   1
   -59.393,    49.809,   -30.44,      0,   1
   -59.247,    46.174,   -30.82,      0,   1
   -59.819,    47.158,  -291.39,      0,   1
   -55.674,    46.436,   -20.75,      0,   1
   -54.198,    47.476,   -11.54,      0,   1
   -54.044,    47.197,   -21.67,      0,   1
   -47.727,    46.363,   -11.57,      0,   1
   -54.315,    47.292,   -25.50,      0,   1
   -49.309,    46.057,   -26.63,      0,   1
   -55.301,    46.235,  -146.30,      0,   1
   -55.280,    46.737,   -31.16,      0,   1
   -54.967,    47.122,   -50.81,      0,   1
   -55.200,    46.905,   -52.00,      0,   1
   -60.184,    47.111,  -121.13,      0,   1
   -52.397,    44.914,   -60.53,      0,   1
   -51.247,    44.438,   -25.25,      0,   1
   -50.670,    46.387,   -39.12,      0,   1
   -53.773,    45.910,   -11.92,      0,   1
   -48.228,    46.273,   -12.27,      0,   1
   -52.658,    43.336,   -15.66,      0,   1
   -54.223,    46.768,   -57.65,      0,   1
   -57.469,    44.761,   -28.41,      0,   1
   -49.767,    47.394,   -35.67,      0,   1
   -53.801,    44.994,    -8.69,      0,   1
   -49.754,    46.688,   -17.03,      0,   1
   -51.134,    43.254,   -14.89,      0,   1
   -59.190,    44.008,   -24.30,      0,   1
   -51.754,    45.730,   -11.13,      0,   1
   -53.115,    45.275,   -69.92,      0,   1
   -52.227,    43.922,   -15.96,      0,   1
   -50.529,    43.173,    -8.42,      0,   1
   -49.960,    44.971,   -28.09,      0,   1
   -49.431,    44.599,   -68.29,      0,   1
   -54.381,    46.990,   -97.00,      0,   1
   -50.492,    43.602,   -15.84,      0,   1
   -51.324,    43.472,   -35.93,      0,   1
   -59.214,    43.982,  -224.19,      0,   1
   -51.884,    46.435,   -73.92,      0,   1
   -48.835,    46.646,   -13.62,      0,   1
   -48.417,    47.231,   -38.34,      0,   1
   -59.565,    48.988,    -5.65,      0,   1
   -53.640,    46.538,   -53.59,      0,   1
   -60.373,    46.833,   -32.70,      0,   1
   -59.563,    43.677,   -48.07,      0,   1
   -59.729,    49.336,  -118.36,      0,   1
   -49.423,    44.402,   -68.49,      0,   1
   -59.760,    49.357,  -125.00,      0,   1
   -51.460,    46.410,   -66.88,      0,   1
   -59.794,    49.336,  -106.29,      0,   1
   -53.222,    44.850,   -80.73,      0,   1
   -59.827,    49.345,  -107.11,      0,   1
   -53.263,    45.259,   -15.25,      0,   1
   -59.137,    47.256,    -5.04,      0,   1
   -52.111,    43.847,   -23.02,      0,   1
   -59.773,    49.362,  -117.02,      0,   1
   -51.055,    45.189,   -66.33,      0,   1
   -59.695,    49.373,  -149.42,      0,   1
   -51.722,    45.373,    -1.62,      0,   1
   -59.389,    47.084,    -8.54,      0,   1
   -53.306,    45.307,   -63.70,      0,   1
   -59.886,    49.360,  -101.30,      0,   1
   -52.405,    44.976,   -28.11,      0,   1
   -59.694,    48.079,  -205.24,      0,   1
   -51.751,    45.919,    -4.23,      0,   1
   -51.239,    46.950,   -67.40,      0,   1
   -51.307,    43.331,    -7.34,      0,   1
   -59.058,    50.523,   -53.84,      0,   1
   -58.021,    47.598,   -40.20,      0,   1
   -49.513,    44.148,   -62.96,      0,   1
   -60.248,    49.025,  -113.18,      0,   1
   -56.509,    47.532,   -43.60,      0,   1
   -52.516,    45.089,   -67.47,      0,   1
   -59.662,    49.337,   -41.67,      0,   1
   -55.976,    47.478,   -22.47,      0,   1
   -50.414,    46.231,   -73.22,      0,   1
   -59.702,    49.292,   -47.02,      0,   1
   -49.987,    46.952,   -42.41,      0,   1
   -57.743,    50.359,   -86.43,      0,   1
   -55.607,    46.373,  -138.43,      0,   1
   -59.391,    49.222,   -17.39,      0,   1
   -54.834,    47.217,   -47.58,      0,   1
   -57.706,    50.341,   -72.85,      0,   1
   -55.144,    46.998,    -6.29,      0,   1
   -59.269,    49.465,   -55.12,      0,   1
   -50.851,    45.005,   -27.33,      0,   1
   -57.730,    50.363,   -66.83,      0,   1
   -54.870,    47.212,   -45.68,      0,   1
   -59.672,    49.224,   -58.27,      0,   1
   -55.521,    46.285,  -132.85,      0,   1
   -50.670,    45.005,   -15.69,      0,   1
   -54.837,    47.083,   -26.89,      0,   1
   -55.490,    45.689,   -79.21,      0,   1
   -55.589,    46.163,    -6.73,      0,   1
   -54.981,    47.051,   -15.56,      0,   1
   -55.827,    46.017,    -8.93,      0,   1
   -55.508,    46.388,  -118.26,      0,   1
   -54.831,    47.099,   -76.07,      0,   1
   -55.002,    47.013,   -14.44,      0,   1
   -62.892,    39.797,   -26.07,      0,   1
   -63.412,    40.365,  -111.68,      0,   1
   -63.434,    40.362,  -120.48,      0,   1
   -67.226,    41.584,   -13.74,      0,   1
   -56.352,    42.337,   -22.17,      0,   1
   -66.989,    43.698,  -126.92,      0,   1
   -59.280,    41.950,   -10.62,      0,   1
   -64.485,    40.513,   -40.52,      0,   1
   -67.416,    43.328,    -0.47,      0,   1
   -62.060,    39.471,    -5.03,      0,   1
   -55.462,    41.659,   -21.27,      0,   1
   -62.876,    39.611,     0.00,      0,   1
   -63.167,    40.024,    -7.60,      0,   1
   -58.114,    45.330,    -3.67,      0,   1
   -62.490,    40.734,   -10.06,      0,   1
   -59.600,    44.789,   -82.81,      0,   1
   -62.696,    44.120,  -147.84,      0,   1
   -56.145,    42.313,   -18.55,      0,   1
   -63.448,    40.304,  -101.16,      0,   1
   -62.086,    41.694,    -1.92,      0,   1
   -66.710,    43.832,   -27.02,      0,   1
   -56.602,    42.582,   -17.93,      0,   1
   -62.416,    41.188,   -19.65,      0,   1
   -67.488,    44.133,   -39.79,      0,   1
   -59.992,    42.250,    -7.47,      0,   1
   -67.913,    42.088,  -123.73,      0,   1
   -67.464,    42.352,  -157.67,      0,   1
   -62.376,    40.794,   -11.34,      0,   1
   -68.195,    41.435,   -45.10,      0,   1
   -69.479,    42.750,   -54.16,      0,   1
   -59.951,    42.186,   -46.66,      0,   1
   -68.317,    41.994,    -6.65,      0,   1
   -62.583,    39.442,   -19.35,      0,   1
   -60.294,    42.270,    -5.90,      0,   1
   -63.783,    41.757,   -19.97,      0,   1
   -63.328,    40.546,   -89.65,      0,   1
   -63.566,    40.251,  -200.62,      0,   1
   -63.292,    40.194,   -22.85,      0,   1
   -56.432,    41.622,   -33.91,      0,   1
   -59.544,    41.981,   -14.34,      0,   1
   -64.337,    41.939,    -6.84,      0,   1
   -63.416,    40.372,  -104.91,      0,   1
   -67.212,    39.759,    -3.72,      0,   1
   -60.975,    41.853,   -12.19,      0,   1
   -62.671,    41.632,    -1.18,      0,   1
   -63.286,    40.120,   -15.53,      0,   1
   -69.816,    39.537,  -122.14,     -3,   1
   -66.793,    41.750,    -0.66,      0,   1
   -67.059,    43.541,   -26.09,      0,   1
   -65.318,    40.660,    -7.61,      0,   1
   -68.366,    40.987,    -4.76,      0,   1
   -65.789,    41.378,    -6.80,      0,   1
   -67.726,    39.398,   -12.62,      0,   1
   -60.258,    42.133,    -7.02,      0,   1
   -62.409,    40.728,    -8.04,      0,   1
   -66.878,    42.942,   -21.22,      0,   1
   -66.015,    41.094,    -7.59,      0,   1
   -59.716,    44.990,    -8.99,      0,   1
   -63.374,    39.878,   -89.44,      0,   1
   -66.414,    42.472,  -121.90,      0,   1
   -66.390,    44.001,    -7.90,      0,   1
   -63.756,    41.547,    -4.82,      0,   1
   -63.129,    40.700,   -58.86,      0,   1
   -63.427,    40.347,  -106.52,      0,   1
   -62.869,    40.989,   -54.09,      0,   1
   -67.035,    43.351,   -30.92,      0,   1
   -66.222,    44.594,   -49.31,      0,   1
   -66.543,    43.862,   -81.35,      0,   1
   -68.006,    42.599,    -6.00,      0,   1
   -59.903,    49.289,   -86.00,      0,   1
   -55.916,    42.143,   -10.38,      0,   1
   -59.950,    47.205,  -314.46,      0,   1
   -67.146,    43.633,  -107.68,      0,   1
   -60.188,    48.857,  -156.17,      0,   1
   -63.574,    41.430,   -31.13,      0,   1
   -59.462,    48.962,   -14.74,      0,   1
   -66.432,    42.062,    -4.09,      0,   1
   -60.055,    49.001,  -172.77,      0,   1
   -64.870,    42.515,   -17.08,      0,   1
   -59.788,    47.836,   -38.10,      0,   1
   -62.696,    39.719,   -25.98,      0,   1
   -59.878,    49.525,   -29.68,      0,   1
   -67.614,    42.923,  -159.29,      0,   1
   -60.366,    47.692,  -100.39,      0,   1
   -58.213,    39.836,    -0.07,      0,   1
   -62.221,    43.403,   -98.54,      0,   1
   -57.817,    46.188,   -15.57,      0,   1
   -70.047,    43.354,   -13.40,      0,   1
   -60.113,    49.022,   -27.30,      0,   1
   -65.159,    41.195,   -23.26,      0,   1
   -66.605,    42.315,   -90.38,      0,   1
   -59.781,    49.004,   -11.44,      0,   1
   -62.489,    45.822,    -4.45,      0,   1
   -67.588,    42.408,  -113.88,      0,   1
   -60.435,    47.918,   -51.89,      0,   1
   -61.523,    39.755,    -1.72,      0,   1
   -69.464,    43.806,   -15.77,      0,   1
   -59.757,    49.054,   -34.86,      0,   1
   -61.884,    46.305,   -17.52,      0,   1
   -66.497,    43.447,   -20.41,      0,   1
   -57.836,    50.970,   -24.15,      0,   1
   -63.102,    37.866,     0.59,     -3,   1
   -60.216,    47.365,   -73.24,      0,   1
   -66.634,    44.047,   -20.96,      0,   1
   -56.035,    44.050,   -12.77,      0,   1
   -67.539,    42.446,  -162.25,      0,   1
   -65.144,    41.814,   -21.15,      0,   1
   -58.931,    48.313,   -27.53,      0,   1
   -62.673,    42.737,   -19.03,      0,   1
   -58.775,    45.467,   -18.99,      0,   1
   -67.019,    43.742,  -129.62,      0,   1
   -57.539,    46.618,   -15.39,      0,   1
   -59.017,    45.227,   -71.02,      0,   1
   -60.004,    45.592,    -6.31,      0,   1
   -57.827,    46.885,   -24.15,      0,   1
   -60.485,    47.426,    -6.95,      0,   1
   -60.207,    47.383,  -209.81,      0,   1
   -61.017,    48.779,   -77.86,      0,   1
   -59.473,    48.582,  -108.19,      0,   1
   -57.909,    47.027,   -19.58,      0,   1
   -61.356,    48.069,   -25.89,      0,   1
   -59.865,    49.497,   -20.01,      0,   1
   -59.622,    49.302,   -87.80,      0,   1
   -60.442,    47.911,   -46.89,      0,   1
   -59.825,    49.113,  -138.01,      0,   1
   -59.754,    48.999,   -16.71,      0,   1
   -59.669,    48.287,   -22.27,      0,   1
   -59.792,    49.199,   -64.42,      0,   1
   -60.162,    48.976,  -196.73,      0,   1
   -59.385,    49.291,  -130.80,      0,   1
   -59.757,    49.413,  -139.66,      0,   1
   -58.396,    50.778,   -43.01,      0,   1
   -58.658,    49.905,   -57.52,      0,   1
   -58.387,    50.433,   -34.96,      0,   1
   -58.103,    46.757,   -40.82,      0,   1
   -59.921,    47.615,   -10.47,      0,   1
   -56.134,    44.795,    -5.63,      0,   1
   -57.056,    44.662,   -14.27,      0,   1
   -54.557,    47.232,   -67.59,      0,   1
   -54.478,    47.160,   -82.06,      0,   1
   -54.569,    47.157,   -83.84,      0,   1
   -55.407,    46.846,   -43.29,      0,   1
   -54.876,    47.140,   -59.07,      0,   1
   -54.190,    47.471,   -11.28,      0,   1
   -55.290,    46.565,   -56.93,      0,   1
   -57.788,    46.133,    -7.54,      0,   1
   -59.844,    43.574,   -42.65,      0,   1
   -57.216,    46.312,   -24.40,      0,   1
   -50.579,    46.281,   -63.02,      0,   1
   -49.665,    47.287,   -39.51,      0,   1
   -49.396,    47.004,   -35.35,      0,   1
   -54.513,    45.486,   -60.75,      0,   1
   -50.525,    46.872,   -34.42,      0,   1
   -51.498,    43.617,   -45.95,      0,   1
   -54.556,    44.905,   -51.70,      0,   1
   -51.895,    43.551,    -5.49,      0,   1
   -52.390,    44.698,    -5.24,      0,   1
   -50.950,    46.036,   -68.71,      0,   1
   -55.241,    45.945,  -118.99,      0,   1
   -51.312,    43.686,   -51.50,      0,   1
   -54.692,    45.176,   -37.29,      0,   1
   -57.825,    46.924,  -216.42,      0,   1
   -51.330,    43.755,   -51.76,      0,   1
   -52.898,    45.454,   -75.49,      0,   1
   -57.546,    45.281,   -97.59,      0,   1
   -50.957,    46.137,   -68.96,      0,   1
   -50.099,    43.447,   -65.09,      0,   1
   -51.012,    45.249,   -16.23,      0,   1
   -50.228,    43.720,   -22.05,      0,   1
   -59.977,    48.865,   -18.67,      0,   1
   -50.759,    46.809,   -42.67,      0,   1
   -60.272,    47.422,  -125.45,      0,   1
   -50.951,    46.106,   -75.83,      0,   1
   -59.516,    48.574,  -115.20,      0,   1
   -55.155,    45.207,  -132.28,      0,   1
   -59.894,    49.276,   -36.23,      0,   1
   -49.845,    46.388,   -38.88,      0,   1
   -60.075,    49.296,   -77.11,      0,   1
   -54.173,    45.956,    -7.40,      0,   1
   -59.670,    49.358,  -158.16,      0,   1
   -53.441,    44.859,   -90.32,      0,   1
   -59.746,    49.369,  -136.35,      0,   1
   -50.925,    41.787,   -20.09,     -3,   1
   -59.840,    49.444,  -125.00,      0,   1
   -50.344,    44.434,   -28.27,      0,   1
   -59.718,    49.334,  -121.24,      0,   1
   -52.313,    45.786,   -14.58,      0,   1
   -59.118,    50.535,   -51.98,      0,   1
   -45.965,    45.003,  -109.47,     -3,   1
   -59.769,    49.160,  -132.99,      0,   1
   -51.616,    44.801,   -23.16,      0,   1
   -59.648,    49.200,   -77.78,      0,   1
   -50.882,    43.393,   -36.43,      0,   1
   -49.586,    43.819,   -81.32,      0,   1
   -53.971,    44.027,    -1.71,      0,   1
   -57.749,    50.671,   -29.69,      0,   1
   -56.810,    47.570,   -23.61,      0,   1
   -54.434,    44.986,   -43.38,      0,   1
   -57.630,    50.831,   -16.51,      0,   1
   -55.886,    47.519,   -32.65,      0,   1
   -49.400,    44.546,   -73.73,      0,   1
   -60.088,    49.148,  -186.67,      0,   1
   -57.114,    47.506,   -38.52,      0,   1
   -51.881,    45.219,   -39.27,      0,   1
   -59.819,    49.178,   -32.71,      0,   1
   -50.181,    44.104,   -46.34,      0,   1
   -59.558,    49.202,   -43.98,      0,   1
   -56.497,    46.464,   -46.70,      0,   1
   -59.798,    49.319,   -55.54,      0,   1
   -55.241,    46.208,  -148.01,      0,   1
   -60.027,    49.530,   -16.66,      0,   1
   -55.569,    46.339,  -131.99,      0,   1
   -59.820,    49.301,   -76.38,      0,   1
   -49.926,    45.878,   -14.54,      0,   1
   -59.931,    49.291,   -47.68,      0,   1
   -53.231,    46.436,   -43.32,      0,   1
   -58.830,    49.157,    -0.67,      0,   1
   -49.576,    43.907,   -72.42,      0,   1
   -55.491,    46.906,   -33.35,      0,   1
   -54.279,    47.316,   -26.64,      0,   1
   -55.801,    46.581,  -116.30,      0,   1
   -53.860,    47.407,   -12.74,      0,   1
   -54.414,    47.079,    -8.25,      0,   1
   -54.087,    47.329,    -5.24,      0,   1
   -55.388,    46.278,   -42.79,      0,   1
   -54.199,    47.251,   -43.84,      0,   1
   -54.203,    46.896,   -44.10,      0,   1
   -56.125,    41.233,   -28.09,      0,   1
   -63.294,    40.083,   -15.23,      0,   1
   -65.442,    40.982,   -45.77,      0,   1
   -56.431,    42.143,   -24.31,      0,   1
   -67.014,    43.674,  -137.91,      0,   1
   -59.617,    44.916,   -48.88,      0,   1
   -58.777,    41.876,   -10.45,      0,   1
   -62.679,    41.066,   -22.53,      0,   1
   -60.092,    42.285,    -8.07,      0,   1
   -65.432,    40.732,   -17.33,      0,   1
   -62.556,    41.098,   -38.50,      0,   1
   -58.210,    41.848,   -23.65,      0,   1
   -56.030,    42.238,   -17.37,      0,   1
   -67.417,    44.002,   -23.10,      0,   1
   -54.768,    41.070,    -5.66,      0,   1
   -66.859,    42.486,   -18.68,      0,   1
   -62.968,    43.107,    -7.39,      0,   1
   -67.219,    44.117,   -47.17,      0,   1
   -58.069,    41.750,   -28.23,      0,   1
   -67.404,    42.799,  -188.71,      0,   1
   -69.694,    41.698,   -13.53,      0,   1
   -64.119,    41.582,   -29.41,      0,   1
   -63.182,    39.996,  -119.79,      0,   1
   -69.619,    43.227,  -109.41,      0,   1
   -62.534,    39.412,   -20.34,      0,   1
   -70.218,    42.207,   -18.43,      0,   1
   -61.418,    41.317,   -56.32,      0,   1
   -63.090,    40.564,   -45.39,      0,   1
   -66.949,    39.603,    -6.69,      0,   1
   -62.553,    42.737,   -13.10,      0,   1
   -57.368,    45.160,  -171.08,      0,   1
   -56.139,    42.862,   -25.68,      0,   1
   -65.037,    40.931,  -102.75,      0,   1
   -60.884,    47.624,   -56.46,      0,   1
   -58.692,    45.060,    -9.76,      0,   1
   -60.109,    46.934,  -113.56,      0,   1
   -69.877,    39.652,  -250.66,     -3,   1
   -62.033,    43.047,   -26.29,      0,   1
   -60.106,    47.222,  -114.78,      0,   1
   -59.753,    46.266,   -25.80,      0,   1
   -61.179,    44.160,   -36.55,      0,   1
   -60.160,    46.825,   -11.02,      0,   1
   -57.944,    46.628,   -10.42,      0,   1
   -60.083,    49.393,   -24.29,      0,   1
   -60.564,    47.648,   -91.25,      0,   1
   -60.524,    48.834,   -22.60,      0,   1
   -60.680,    47.436,    -2.24,      0,   1
   -61.355,    48.056,   -38.86,      0,   1
   -60.132,    47.145,  -186.60,      0,   1
   -58.036,    46.449,    -4.78,      0,   1
   -59.985,    45.803,    -3.34,      0,   1
   -60.641,    47.945,  -110.90,      0,   1
   -59.852,    47.757,   -50.68,      0,   1
   -57.457,    45.992,    -3.95,      0,   1
   -55.691,    41.745,    -7.74,      0,   1
   -57.757,    46.921,    -5.93,      0,   1
   -59.978,    47.523,  -132.36,      0,   1
   -62.831,    40.744,   -10.37,      0,   1
   -59.972,    47.470,  -153.34,      0,   1
   -60.564,    47.365,   -66.72,      0,   1
   -60.362,    47.369,  -154.16,      0,   1
   -67.105,    40.094,   -14.13,      0,   1
   -59.672,    45.706,   -40.73,      0,   1
   -48.693,    45.298,    -4.74,      0,   1
   -60.045,    48.972,  -153.04,      0,   1
   -60.232,    46.256,    -5.56,      0,   1
   -60.324,    45.006,   -23.86,      0,   1
   -59.888,    49.048,   -18.10,      0,   1
   -60.042,    44.697,   -68.41,      0,   1
   -59.495,    48.471,  -116.13,      0,   1
   -60.081,    47.691,   -50.96,      0,   1
   -61.230,    47.894,   -24.32,      0,   1
   -60.484,    47.095,   -63.71,      0,   1
   -59.841,    47.385,  -173.79,      0,   1
   -59.560,    45.767,   -38.04,      0,   1
   -60.017,    47.514,   -16.74,      0,   1
   -60.267,    46.384,   -22.52,      0,   1
   -67.471,    43.182,  -168.83,      0,   1
   -60.712,    47.911,  -174.83,      0,   1
   -60.020,    47.511,  -179.00,      0,   1
   -60.173,    46.399,    -2.13,      0,   1
   -59.629,    48.289,  -177.02,      0,   1
   -61.379,    48.806,   -40.52,      0,   1
   -59.719,    48.872,   -16.86,      0,   1
   -59.774,    48.484,  -104.28,      0,   1
   -59.015,    50.435,   -76.84,      0,   1
   -59.810,    49.322,   -85.21,      0,   1
   -60.393,    46.474,    -2.58,      0,   1
   -59.465,    49.595,  -156.24,      0,   1
   -59.760,    49.317,  -121.69,      0,   1
   -59.414,    45.929,   -47.78,      0,   1
   -59.995,    48.434,  -269.58,      0,   1
   -59.604,    46.893,    -5.50,      0,   1
   -59.918,    49.010,  -154.47,      0,   1
   -61.540,    49.111,   -46.77,      0,   1
   -58.748,    50.165,   -88.26,      0,   1
   -59.666,    49.374,  -104.00,      0,   1
   -60.120,    46.485,   -27.04,      0,   1
   -58.454,    45.591,    -9.53,      0,   1
   -59.069,    46.061,   -77.56,      0,   1
   -54.957,    47.035,   -14.93,      0,   1
   -55.650,    44.515,    -5.97,      0,   1
   -54.333,    47.218,   -34.90,      0,   1
   -54.046,    47.490,   -16.38,      0,   1
   -55.461,    46.269,  -136.55,      0,   1
   -48.066,    46.111,    -7.46,      0,   1
   -55.145,    46.966,   -50.79,      0,   1
   -47.883,    46.903,    -9.59,      0,   1
   -60.534,    47.354,   -52.26,      0,   1
   -48.530,    46.354,   -72.61,      0,   1
   -48.404,    45.988,   -16.48,      0,   1
   -62.137,    42.929,   -38.94,      0,   1
   -52.784,    44.979,   -15.68,      0,   1
   -50.075,    43.024,    -5.34,      0,   1
   -51.712,    46.604,   -49.18,      0,   1
   -54.174,    45.953,  -115.44,      0,   1
   -50.548,    46.444,   -67.60,      0,   1
   -54.260,    45.159,  -113.97,      0,   1
   -50.482,    46.197,   -43.91,      0,   1
   -50.860,    43.317,   -21.09,      0,   1
   -47.949,    46.097,    -4.37,      0,   1
   -54.460,    44.933,   -56.21,      0,   1
   -50.243,    46.162,   -34.24,      0,   1
   -51.455,    45.380,   -33.94,      0,   1
   -54.504,    46.729,   -34.84,      0,   1
   -52.187,    43.938,   -27.83,      0,   1
   -57.396,    45.214,    -0.25,      0,   1
   -59.162,    43.983,  -261.58,      0,   1
   -56.716,    46.860,   -93.99,      0,   1
   -54.365,    44.685,   -26.37,      0,   1
   -50.859,    43.116,   -15.09,      0,   1
   -49.512,    43.039,    -1.59,      0,   1
   -58.591,    44.527,   -29.70,      0,   1
   -50.593,    44.275,   -22.20,      0,   1
   -50.693,    46.438,   -65.01,      0,   1
   -49.395,    44.385,   -75.32,      0,   1
   -51.215,    43.634,   -57.55,      0,   1
   -60.054,    49.265,   -56.20,      0,   1
   -51.002,    44.265,   -44.90,      0,   1
   -59.898,    48.684,  -233.10,      0,   1
   -51.913,    46.237,   -19.12,      0,   1
   -59.681,    48.661,  -165.69,      0,   1
   -49.516,    44.507,   -16.25,      0,   1
   -59.547,    45.954,   -51.42,      0,   1
   -50.892,    46.152,   -31.91,      0,   1
   -59.753,    49.303,  -108.91,      0,   1
   -52.440,    43.838,    -9.18,      0,   1
   -59.844,    49.329,   -57.76,      0,   1
   -50.473,    44.915,   -43.97,      0,   1
   -58.385,    50.826,   -61.78,      0,   1
   -50.093,    46.213,   -28.80,      0,   1
   -59.627,    49.341,   -37.79,      0,   1
   -52.011,    46.058,   -13.85,      0,   1
   -60.014,    49.303,   -79.23,      0,   1
   -50.584,    45.306,   -43.56,      0,   1
   -60.059,    49.340,   -90.33,      0,   1
   -52.067,    45.510,    -9.28,      0,   1
   -59.779,    49.273,   -65.84,      0,   1
   -51.008,    44.294,   -20.55,      0,   1
   -51.141,    43.345,    -6.66,      0,   1
   -53.377,    44.761,  -107.64,      0,   1
   -58.015,    50.305,   -47.94,      0,   1
   -57.730,    47.344,  -143.78,      0,   1
   -49.550,    43.896,   -79.05,      0,   1
   -60.119,    49.304,   -68.15,      0,   1
   -53.329,    45.691,   -19.64,      0,   1
   -52.472,    46.446,   -65.41,      0,   1
   -59.938,    49.252,   -80.59,      0,   1
   -57.975,    47.399,   -88.72,      0,   1
   -55.637,    44.629,   -10.43,      0,   1
   -59.598,    49.199,   -62.01,      0,   1
   -49.937,    46.984,   -37.84,      0,   1
   -59.500,    48.757,  -139.43,      0,   1
   -49.264,    45.799,   -50.49,      0,   1
   -59.823,    48.185,  -241.70,      0,   1
   -55.564,    46.339,  -136.19,      0,   1
   -57.730,    50.402,   -86.95,      0,   1
   -55.178,    46.985,   -25.02,      0,   1
   -57.770,    50.357,   -87.19,      0,   1
   -51.256,    47.036,   -68.95,      0,   1
   -59.755,    49.395,  -153.96,      0,   1
   -49.160,    46.002,   -17.18,      0,   1
   -59.971,    49.480,   -94.82,      0,   1
   -50.409,    43.438,   -12.90,      0,   1
   -55.548,    46.362,  -121.95,      0,   1
   -51.135,    46.721,   -75.06,      0,   1
   -54.469,    47.191,   -77.75,      0,   1
   -55.534,    44.797,    -1.25,      0,   1
   -54.588,    47.244,   -64.63,      0,   1
   -54.131,    47.244,   -36.57,      0,   1
   -55.004,    47.132,   -45.49,      0,   1
   -55.572,    46.292,  -114.90,      0,   1
   -54.588,    46.951,    -3.79,      0,   1
   -55.426,    45.809,   -54.31,      0,   1
   -67.206,    43.290,  -126.71,      0,   1
   -66.666,    43.307,   -14.62,      0,   1
   -65.222,    41.935,   -79.56,      0,   1
   -55.795,    41.559,   -37.10,      0,   1
   -58.048,    41.793,    -7.66,      0,   1
   -67.474,    41.867,   -14.07,      0,   1
   -58.693,    41.548,    -0.34,      0,   1
   -67.627,    44.368,   -23.61,      0,   1
   -56.161,    42.241,   -11.87,      0,   1
   -56.544,    41.577,   -18.42,      0,   1
   -63.232,    40.414,   -28.83,      0,   1
   -62.937,    39.585,   -16.53,      0,   1
   -65.449,    40.796,   -47.01,      0,   1
   -61.677,    43.909,   -74.57,      0,   1
   -67.429,    42.838,    -4.38,      0,   1
   -62.934,    41.289,    -2.01,      0,   1
   -62.723,    40.955,   -18.56,      0,   1
   -62.313,    43.056,    -5.62,      0,   1
   -67.400,    44.078,   -44.70,      0,   1
   -66.734,    42.836,  -122.71,      0,   1
   -67.389,    43.384,  -132.61,      0,   1
   -69.381,    41.700,   -97.22,      0,   1
   -57.128,    41.378,   -29.84,      0,   1
   -69.751,    41.734,    -8.81,      0,   1
   -66.419,    43.660,   -18.51,      0,   1
   -59.556,    42.109,    -3.82,      0,   1
   -69.272,    41.383,   -46.19,      0,   1
   -63.404,    40.395,  -107.07,      0,   1
   -65.587,    40.883,   -66.40,      0,   1
   -64.597,    40.588,   -16.18,      0,   1
   -69.647,    41.240,   -14.19,      0,   1
   -69.190,    42.950,  -111.01,      0,   1
   -70.717,    41.214,    -2.07,     -3,   1
   -59.955,    42.099,    -8.96,      0,   1
   -66.422,    42.576,   -35.42,      0,   1
   -63.485,    41.355,    -9.51,      0,   1
   -65.350,    40.912,   -38.86,      0,   1
   -67.347,    42.389,   -94.12,      0,   1
   -63.274,    40.631,  -146.42,      0,   1
   -59.157,    40.882,   -12.45,      0,   1
   -63.398,    40.423,  -127.91,      0,   1
   -56.473,    42.185,   -30.87,      0,   1
   -62.172,    41.152,   -12.75,      0,   1
   -66.249,    43.315,   -68.78,      0,   1
   -62.461,    41.173,   -18.26,      0,   1
   -56.541,    41.598,   -32.64,      0,   1
   -66.087,    41.484,   -15.27,      0,   1
   -65.934,    42.008,    -0.27,      0,   1
   -55.870,    42.120,   -11.43,      0,   1
   -60.056,    40.299,   -15.95,      0,   1
   -63.499,    41.831,   -18.38,      0,   1
   -67.404,    43.551,    -0.26,      0,   1
   -57.064,    41.473,   -14.66,      0,   1
   -63.045,    40.763,   -50.61,      0,   1
   -61.194,    39.506,    -6.57,      0,   1
   -63.335,    41.805,    -3.90,      0,   1
   -62.751,    39.488,   -11.23,      0,   1
   -62.756,    41.003,    -3.35,      0,   1
   -59.453,    41.958,    -4.97,      0,   1
   -63.298,    41.685,    -7.66,      0,   1
   -62.418,    41.201,   -17.40,      0,   1
   -65.346,    40.641,    -8.11,      0,   1
   -67.005,    42.506,  -122.04,      0,   1
   -66.190,    41.811,    -1.47,      0,   1
   -64.185,    41.966,   -19.48,      0,   1
   -64.247,    40.622,   -23.63,      0,   1
   -64.067,    40.866,    -3.99,      0,   1
   -59.434,    48.700,  -109.86,      0,   1
   -63.694,    42.573,  -309.05,      0,   1
   -59.574,    48.435,  -126.72,      0,   1
   -65.450,    41.016,   -33.30,      0,   1
   -61.200,    48.611,  -104.07,      0,   1
   -63.883,    41.011,    -3.36,      0,   1
   -60.392,    47.815,   -80.09,      0,   1
   -65.475,    40.902,   -44.80,      0,   1
   -57.379,    51.100,    -3.28,      0,   1
   -64.707,    40.447,    -5.57,      0,   1
   -59.452,    48.987,  -163.59,      0,   1
   -63.223,    40.241,   -16.53,      0,   1
   -58.309,    46.837,   -26.42,      0,   1
   -67.865,    40.381,    -8.50,      0,   1
   -60.806,    41.754,    -6.62,      0,   1
   -59.662,    46.877,    -0.14,      0,   1
   -60.198,    42.193,    -8.58,      0,   1
   -59.702,    48.419,   -76.04,      0,   1
   -63.745,    37.652,    -3.33,     -3,   1
   -67.570,    42.481,  -104.66,      0,   1
   -59.354,    49.109,   -12.54,      0,   1
   -57.505,    41.772,    -1.22,      0,   1
   -66.865,    43.686,   -62.14,      0,   1
   -59.958,    48.886,  -206.70,      0,   1
   -63.452,    37.750,    -0.59,     -3,   1
   -66.603,    43.743,   -40.31,      0,   1
   -60.097,    46.329,   -21.89,      0,   1
   -61.050,    47.455,    -4.29,      0,   1
   -66.262,    44.523,   -41.81,      0,   1
   -57.121,    50.881,   -10.30,      0,   1
   -61.683,    39.435,    -3.76,      0,   1
   -61.481,    46.337,   -25.61,      0,   1
   -67.069,    43.979,   -43.08,      0,   1
   -60.387,    47.479,  -196.10,      0,   1
   -67.500,    42.544,  -189.39,      0,   1
   -60.122,    48.771,  -170.26,      0,   1
   -59.558,    45.777,   -32.41,      0,   1
   -67.443,    42.840,    -1.34,      0,   1
   -59.811,    45.815,   -24.74,      0,   1
   -57.659,    46.082,    -0.84,      0,   1
   -65.385,    40.981,   -40.27,      0,   1
   -67.428,    42.686,  -190.13,      0,   1
   -60.141,    48.987,  -162.45,      0,   1
   -48.660,    45.517,    -6.87,      0,   1
   -60.307,    47.413,   -75.63,      0,   1
   -58.596,    49.947,  -148.22,      0,   1
   -59.396,    48.687,   -98.42,      0,   1
   -59.674,    48.443,  -150.96,      0,   1
   -61.749,    48.882,   -79.17,      0,   1
   -59.131,    48.559,   -32.86,      0,   1
   -59.887,    48.683,   -18.48,      0,   1
   -60.522,    47.345,   -49.93,      0,   1
   -59.653,    48.284,    -6.08,      0,   1
   -59.737,    49.216,   -45.56,      0,   1
   -59.722,    49.278,   -75.17,      0,   1
   -59.672,    49.056,   -19.26,      0,   1
   -59.869,    49.333,   -76.68,      0,   1
   -59.522,    49.331,  -201.83,      0,   1
   -60.144,    48.905,  -117.58,      0,   1
   -53.690,    51.838,  -120.16,      0,   1
   -59.114,    49.406,  -152.74,      0,   1
   -59.482,    49.469,   -58.25,      0,   1
   -59.208,    49.780,   -17.62,      0,   1
   -57.764,    51.047,   -18.09,      0,   1
   -59.212,    49.831,   -18.58,      0,   1
   -55.810,    51.656,   -30.57,      0,   1
   -60.859,    47.437,    -2.17,      0,   1
   -59.846,    47.970,   -31.09,      0,   1
   -55.357,    46.237,  -141.14,      0,   1
   -54.589,    46.581,   -26.49,      0,   1
   -55.715,    46.678,   -51.28,      0,   1
   -54.911,    47.026,   -12.10,      0,   1
   -55.405,    45.788,   -96.45,      0,   1
   -49.500,    45.544,   -17.35,      0,   1
   -54.918,    47.134,   -55.79,      0,   1
   -55.531,    46.505,   -72.92,      0,   1
   -51.516,    41.601,   -17.80,     -3,   1
   -49.447,    45.258,   -69.30,      0,   1
   -50.595,    46.779,   -38.69,      0,   1
   -50.058,    43.351,    -2.37,      0,   1
   -51.018,    45.538,   -18.98,      0,   1
   -51.307,    44.700,   -44.06,      0,   1
   -54.317,    44.780,   -59.68,      0,   1
   -59.367,    44.312,   -27.78,      0,   1
   -51.472,    45.245,   -50.07,      0,   1
   -51.509,    46.694,   -70.82,      0,   1
   -49.611,    44.011,   -55.44,      0,   1
   -51.946,    42.161,    -1.34,      0,   1
   -54.066,    44.930,  -195.65,      0,   1
   -52.575,    42.733,    -2.07,      0,   1
   -49.540,    44.025,   -67.51,      0,   1
   -57.886,    44.496,   -93.22,      0,   1
   -55.945,    46.493,   -86.20,      0,   1
   -57.962,    46.863,  -226.97,      0,   1
   -54.269,    45.517,   -60.81,      0,   1
   -51.907,    45.334,   -38.05,      0,   1
   -50.309,    44.136,   -27.08,      0,   1
   -51.589,    45.659,   -10.30,      0,   1
   -49.622,    44.842,   -59.76,      0,   1
   -49.692,    45.072,   -61.51,      0,   1
   -50.845,    46.587,   -46.57,      0,   1
   -54.333,    46.965,   -84.67,      0,   1
   -54.035,    45.774,   -84.66,      0,   1
   -58.189,    50.195,  -138.80,      0,   1
   -51.822,    46.514,   -66.13,      0,   1
   -60.045,    48.769,  -208.80,      0,   1
   -51.688,    46.277,   -60.98,      0,   1
   -58.489,    49.882,    -0.14,      0,   1
   -49.410,    46.114,   -42.45,      0,   1
   -59.732,    47.436,  -185.53,      0,   1
   -54.256,    45.333,   -67.98,      0,   1
   -60.036,    47.564,  -155.80,      0,   1
   -49.922,    44.759,   -30.61,      0,   1
   -59.516,    48.461,  -127.45,      0,   1
   -51.779,    44.564,   -43.72,      0,   1
   -59.675,    49.235,   -82.67,      0,   1
   -45.940,    44.960,   -38.06,     -3,   1
   -59.691,    49.095,    -4.89,      0,   1
   -50.862,    42.759,    -2.82,      0,   1
   -60.115,    49.344,   -95.88,      0,   1
   -52.311,    46.243,   -35.23,      0,   1
   -59.855,    49.201,   -78.44,      0,   1
   -51.574,    46.247,   -46.45,      0,   1
   -59.706,    45.874,   -26.43,      0,   1
   -52.135,    44.585,   -58.37,      0,   1
   -54.577,    44.942,   -60.72,      0,   1
   -51.295,    47.029,   -55.52,      0,   1
   -57.499,    50.976,   -45.23,      0,   1
   -49.153,    45.148,   -14.37,      0,   1
   -54.153,    45.992,    -7.60,      0,   1
   -60.106,    48.853,  -134.84,      0,   1
   -56.014,    47.595,   -12.40,      0,   1
   -53.536,    46.545,   -19.58,      0,   1
   -59.787,    49.235,   -90.86,      0,   1
   -51.199,    45.256,   -33.16,      0,   1
   -59.465,    49.018,   -35.70,      0,   1
   -51.568,    46.536,   -45.02,      0,   1
   -58.410,    50.829,   -52.95,      0,   1
   -55.026,    47.117,    -4.98,      0,   1
   -57.739,    50.301,   -71.32,      0,   1
   -56.034,    46.467,  -121.73,      0,   1
   -59.560,    49.209,   -68.99,      0,   1
   -55.229,    46.955,   -34.78,      0,   1
   -58.438,    50.809,   -41.96,      0,   1
   -50.722,    46.347,   -63.87,      0,   1
   -59.348,    49.483,   -26.97,      0,   1
   -50.266,    45.644,   -65.83,      0,   1
   -59.731,    49.351,   -42.26,      0,   1
   -51.018,    44.912,   -47.14,      0,   1
   -54.983,    47.142,   -45.43,      0,   1
   -55.394,    45.873,  -101.92,      0,   1
   -54.815,    47.317,   -11.43,      0,   1
   -54.924,    47.209,   -37.75,      0,   1
   -55.620,    46.293,  -100.75,      0,   1
   -55.729,    46.673,    -5.53,      0,   1
   -54.399,    47.286,   -14.70,      0,   1
   -55.029,    47.121,    -3.57,      0,   1
   -55.250,    46.906,   -31.80,      0,   1
   -51.671,    46.590,   -46.14,      0,   1
   -55.282,    41.730,    -0.25,      0,   1
   -67.367,    42.399,  -216.21,      0,   1
   -67.038,    43.466,  -144.71,      0,   1
   -67.416,    43.147,  -155.56,      0,   1
   -63.219,    42.605,   -16.58,      0,   1
   -67.192,    43.337,  -166.00,      0,   1
   -55.860,    41.144,   -65.94,      0,   1
   -67.048,    43.350,   -93.32,      0,   1
   -58.589,    41.389,    -4.45,      0,   1
   -63.000,    40.442,    -6.53,      0,   1
   -64.838,    40.522,   -23.75,      0,   1
   -63.381,    43.820,   -21.71,      0,   1
   -55.823,    41.700,   -31.55,      0,   1
   -65.256,    40.604,   -38.70,      0,   1
   -69.422,    41.847,   -16.17,      0,   1
   -69.707,    43.027,  -123.51,      0,   1
   -56.029,    42.211,   -12.94,      0,   1
   -62.641,    41.106,   -19.24,      0,   1
   -66.151,    41.671,   -12.81,      0,   1
   -67.411,    42.526,  -209.75,      0,   1
   -63.076,    40.691,   -43.14,      0,   1
   -63.324,    40.537,  -104.53,      0,   1
   -62.632,    39.382,  -150.64,      0,   1
   -69.041,    42.958,   -64.38,      0,   1
   -69.733,    42.533,  -154.20,      0,   1
   -62.847,    39.491,  -100.77,      0,   1
   -70.692,    41.168,    -0.24,     -3,   1
   -62.439,    41.327,   -22.89,      0,   1
   -65.298,    40.886,   -21.92,      0,   1
   -60.135,    46.932,   -92.23,      0,   1
   -57.441,    45.872,   -63.04,      0,   1
   -55.022,    40.699,   -31.17,      0,   1
   -59.727,    46.904,   -55.00,      0,   1
   -57.528,    44.776,   -77.94,      0,   1
   -58.369,    44.740,    -7.48,      0,   1
   -62.134,    41.260,   -12.63,      0,   1
   -59.795,    44.510,   -87.29,      0,   1
   -58.794,    45.522,    -8.99,      0,   1
   -59.641,    45.754,   -73.81,      0,   1
   -60.252,    46.427,   -27.53,      0,   1
   -59.841,    47.070,  -117.77,      0,   1
   -60.047,    44.801,   -50.58,      0,   1
   -60.059,    49.246,  -131.00,      0,   1
   -55.718,    44.479,   -10.55,      0,   1
   -60.557,    47.819,   -76.62,      0,   1
   -59.744,    46.504,    -7.42,      0,   1
   -60.465,    45.301,    -5.81,      0,   1
   -60.307,    48.036,  -127.32,      0,   1
   -60.606,    47.122,   -82.07,      0,   1
   -58.271,    47.465,   -23.61,      0,   1
   -59.868,    48.316,  -141.30,      0,   1
   -59.972,    48.650,   -12.91,      0,   1
   -59.645,    48.753,   -22.83,      0,   1
   -67.774,    40.609,    -5.01,      0,   1
   -59.509,    48.099,  -134.41,      0,   1
   -59.638,    46.573,   -32.87,      0,   1
   -67.429,    42.308,    -2.01,      0,   1
   -57.980,    46.715,   -10.06,      0,   1
   -62.340,    45.980,    -4.67,      0,   1
   -55.632,    47.123,   -30.45,      0,   1
   -61.427,    39.634,    -1.84,      0,   1
   -59.337,    48.349,   -90.25,      0,   1
   -59.942,    45.813,   -23.41,      0,   1
   -60.193,    46.368,   -12.69,      0,   1
   -65.703,    40.829,    -4.86,      0,   1
   -61.017,    46.654,   -30.63,      0,   1
   -60.353,    48.061,   -51.81,      0,   1
   -56.743,    44.786,   -27.54,      0,   1
   -59.790,    47.100,  -225.90,      0,   1
   -59.780,    45.914,   -42.89,      0,   1
   -59.571,    48.276,  -108.23,      0,   1
   -59.423,    48.505,   -97.21,      0,   1
   -58.365,    45.330,   -25.77,      0,   1
   -60.341,    47.963,   -54.14,      0,   1
   -62.972,    42.846,   -19.25,      0,   1
   -60.206,    49.092,   -82.64,      0,   1
   -60.470,    47.930,   -66.24,      0,   1
   -59.431,    48.414,  -106.76,      0,   1
   -59.128,    44.682,   -95.50,      0,   1
   -66.356,    43.380,   -67.02,      0,   1
   -61.196,    48.658,   -75.36,      0,   1
   -59.084,    49.222,   -14.85,      0,   1
   -58.808,    49.554,  -120.21,      0,   1
   -60.844,    48.852,  -111.22,      0,   1
   -60.519,    47.325,   -52.58,      0,   1
   -59.945,    48.909,   -18.81,      0,   1
   -59.778,    49.277,  -188.63,      0,   1
   -60.053,    49.293,   -92.95,      0,   1
   -59.805,    45.828,    -7.07,      0,   1
   -58.536,    50.242,  -177.52,      0,   1
   -58.984,    49.520,  -100.08,      0,   1
   -58.093,    47.296,    -4.73,      0,   1
   -59.428,    48.854,  -136.07,      0,   1
   -60.451,    47.160,   -50.00,      0,   1
   -59.355,    49.836,   -46.71,      0,   1
   -59.811,    49.439,   -34.02,      0,   1
   -59.909,    48.430,  -249.31,      0,   1
   -59.164,    49.714,   -67.72,      0,   1
   -60.201,    48.884,  -184.05,      0,   1
   -59.606,    49.141,   -68.83,      0,   1
   -59.260,    49.407,  -110.82,      0,   1
   -59.819,    44.863,   -86.86,      0,   1
   -60.495,    47.752,   -20.24,      0,   1
   -55.359,    45.923,  -111.22,      0,   1
   -55.161,    46.974,   -47.12,      0,   1
   -55.432,    46.328,  -120.21,      0,   1
   -54.953,    46.985,   -23.20,      0,   1
   -54.669,    47.353,   -23.50,      0,   1
   -55.513,    46.897,    -3.67,      0,   1
   -55.424,    46.566,   -10.52,      0,   1
   -54.900,    47.200,   -46.35,      0,   1
   -51.472,    45.808,   -13.40,      0,   1
   -51.183,    44.277,   -50.29,      0,   1
   -52.799,    44.885,   -14.48,      0,   1
   -61.866,    43.403,   -20.79,      0,   1
   -54.592,    45.001,   -48.08,      0,   1
   -61.571,    42.967,   -79.24,      0,   1
   -59.299,    44.880,   -14.29,      0,   1
   -51.140,    45.193,   -47.22,      0,   1
   -52.585,    42.240,   -59.77,      0,   1
   -54.182,    46.273,   -13.58,      0,   1
   -52.014,    43.785,   -24.64,      0,   1
   -54.224,    43.905,    -8.22,      0,   1
   -51.488,    46.628,   -51.30,      0,   1
   -62.526,    42.704,  -153.78,      0,   1
   -50.656,    43.076,   -11.51,      0,   1
   -55.910,    47.020,   -61.19,      0,   1
   -57.353,    47.191,  -172.93,      0,   1
   -61.967,    43.084,  -264.18,      0,   1
   -59.171,    43.899,  -314.41,      0,   1
   -48.925,    44.114,    -1.71,      0,   1
   -59.705,    43.730,  -185.49,      0,   1
   -49.014,    46.106,   -51.11,      0,   1
   -49.514,    44.065,   -68.76,      0,   1
   -47.850,    44.874,    -3.26,      0,   1
   -50.235,    45.268,   -23.96,      0,   1
   -51.986,    44.726,   -25.67,      0,   1
   -54.064,    45.983,   -13.54,      0,   1
   -59.830,    49.005,   -30.68,      0,   1
   -51.912,    45.544,   -53.56,      0,   1
   -59.767,    49.000,   -21.21,      0,   1
   -49.952,    42.832,    -3.80,      0,   1
   -59.748,    46.215,   -13.87,      0,   1
   -48.656,    45.881,   -22.08,      0,   1
   -59.609,    49.551,  -151.73,      0,   1
   -53.895,    45.657,   -53.78,      0,   1
   -58.735,    50.697,   -23.76,      0,   1
   -50.744,    42.734,    -3.52,      0,   1
   -59.819,    49.320,   -96.95,      0,   1
   -51.043,    45.069,   -58.46,      0,   1
   -59.678,    49.297,   -94.02,      0,   1
   -51.215,    46.126,   -17.95,      0,   1
   -59.742,    49.499,  -127.64,      0,   1
   -51.230,    45.974,   -21.48,      0,   1
   -59.518,    49.572,  -162.81,      0,   1
   -51.924,    44.328,   -47.52,      0,   1
   -58.017,    47.429,   -15.75,      0,   1
   -50.525,    45.915,   -11.46,      0,   1
   -50.454,    46.900,   -28.15,      0,   1
   -55.681,    45.248,   -12.03,      0,   1
   -50.373,    43.952,    -6.50,      0,   1
   -57.748,    50.479,  -102.97,      0,   1
   -58.091,    47.507,   -98.74,      0,   1
   -52.149,    46.052,   -61.97,      0,   1
   -59.524,    49.503,   -52.77,      0,   1
   -57.500,    47.634,   -29.24,      0,   1
   -50.718,    43.847,   -32.46,      0,   1
   -57.506,    50.945,   -18.85,      0,   1
   -51.652,    45.704,   -56.23,      0,   1
   -59.073,    46.738,    -6.29,      0,   1
   -50.911,    46.093,    -8.14,      0,   1
   -57.589,    46.936,    -2.45,      0,   1
   -54.596,    47.140,   -92.26,      0,   1
   -59.675,    49.232,   -45.51,      0,   1
   -56.007,    46.628,   -98.19,      0,   1
   -60.216,    48.809,  -193.74,      0,   1
   -51.947,    44.561,   -52.93,      0,   1
   -59.693,    49.737,   -76.92,      0,   1
   -50.775,    46.742,   -61.72,      0,   1
   -60.116,    49.559,   -33.08,      0,   1
   -55.777,    46.064,    -7.86,      0,   1
   -50.162,    46.468,   -67.07,      0,   1
   -50.751,    43.656,    -5.72,      0,   1
   -55.195,    46.211,   -45.38,      0,   1
   -54.290,    47.370,    -6.20,      0,   1
   -55.423,    46.367,  -122.96,      0,   1
   -54.516,    47.177,   -78.81,      0,   1
   -55.638,    46.770,   -10.92,      0,   1
   -55.285,    46.301,   -25.83,      0,   1
   -55.962,    47.004,   -46.48,      0,   1
   -54.202,    47.233,   -44.61,      0,   1
   -65.487,    40.912,   -43.68,      0,   1
   -64.698,    40.494,   -38.67,      0,   1
   -62.652,    39.670,   -23.99,      0,   1
   -62.672,    40.416,   -14.65,      0,   1
   -60.356,    42.278,    -7.78,      0,   1
   -63.299,    39.848,   -21.12,      0,   1
   -63.172,    40.699,   -69.19,      0,   1
   -60.378,    44.097,   -17.00,      0,   1
   -60.306,    41.741,    -0.36,      0,   1
   -67.181,    43.569,   -59.68,      0,   1
   -60.365,    41.889,    -6.27,      0,   1
   -58.487,    41.790,    -1.80,      0,   1
   -62.567,    41.088,   -44.18,      0,   1
   -62.043,    40.919,    -7.33,      0,   1
   -63.308,    40.615,  -105.06,      0,   1
   -65.079,    40.520,    -7.54,      0,   1
   -64.718,    42.272,    -6.82,      0,   1
   -63.047,    40.263,   -12.60,      0,   1
   -62.781,    39.797,   -26.10,      0,   1
   -55.814,    41.558,    -0.04,      0,   1
   -66.402,    42.733,   -75.09,      0,   1
   -58.894,    41.950,   -12.92,      0,   1
   -67.977,    41.758,   -65.65,      0,   1
   -69.066,    41.477,   -16.62,      0,   1
   -67.471,    43.345,    -2.96,      0,   1
   -70.510,    42.633,    -9.79,      0,   1
   -69.487,    41.272,   -19.24,      0,   1
   -68.333,    42.523,    -3.64,      0,   1
   -62.991,    40.012,    -1.71,      0,   1
   -69.623,    41.438,   -27.05,      0,   1
   -60.852,    41.222,   -39.30,      0,   1
   -66.713,    43.819,   -79.78,      0,   1
   -65.506,    40.976,   -21.89,      0,   1
   -63.976,    40.725,   -33.05,      0,   1
   -62.573,    41.500,    -0.99,      0,   1
   -63.367,    40.972,    -7.43,      0,   1
   -70.226,    43.052,   -77.78,      0,   1
   -67.611,    42.679,  -155.94,      0,   1
   -63.228,    40.686,   -83.14,      0,   1
   -63.392,    37.770,     0.08,     -3,   1
   -62.719,    40.971,   -17.25,      0,   1
   -63.704,    40.977,   -15.83,      0,   1
   -56.439,    42.005,    -2.17,      0,   1
   -59.129,    41.908,    -0.32,      0,   1
   -67.433,    43.659,   -95.03,      0,   1
   -63.189,    40.270,   -25.51,      0,   1
   -62.965,    40.805,   -48.46,      0,   1
   -63.347,    40.525,  -135.10,      0,   1
   -55.996,    42.194,   -14.25,      0,   1
   -62.308,    41.747,    -2.05,      0,   1
   -61.125,    41.444,    -3.55,      0,   1
   -65.419,    40.951,   -33.52,      0,   1
   -62.496,    41.144,   -17.17,      0,   1
   -61.979,    40.905,   -10.05,      0,   1
   -62.408,    41.310,   -27.67,      0,   1
   -63.179,    40.727,   -70.31,      0,   1
   -64.385,    41.686,   -30.90,      0,   1
   -58.472,    41.749,    -0.30,      0,   1
   -61.590,    41.186,   -12.36,      0,   1
   -60.311,    39.773,   -30.99,      0,   1
   -66.984,    41.894,    -0.30,      0,   1
   -60.474,    42.247,   -14.92,      0,   1
   -55.232,    41.178,   -23.09,      0,   1
   -63.640,    41.736,   -17.20,      0,   1
   -56.507,    42.336,   -21.30,      0,   1
   -63.400,    40.409,   -96.18,      0,   1
   -62.888,    40.979,   -54.10,      0,   1
   -64.740,    40.489,   -46.51,      0,   1
   -66.545,    43.796,   -81.93,      0,   1
   -64.150,    41.421,   -33.56,      0,   1
   -62.774,    41.013,    -1.23,      0,   1
   -67.329,    42.238,    -0.33,      0,   1
   -65.711,    41.270,    -2.86,      0,   1
   -63.344,    40.522,  -124.10,      0,   1
   -56.960,    44.397,    -1.35,      0,   1
   -67.539,    42.889,  -112.10,      0,   1
   -59.653,    46.311,   -31.69,      0,   1
   -67.453,    42.432,   -11.77,      0,   1
   -59.741,    48.810,   -86.18,      0,   1
   -68.466,    43.273,   -32.82,      0,   1
   -59.573,    48.545,  -119.43,      0,   1
   -67.216,    43.574,  -170.42,      0,   1
   -57.796,    45.959,   -75.46,      0,   1
   -66.971,    43.707,   -97.05,      0,   1
   -59.907,    47.253,  -280.15,      0,   1
   -55.716,    40.271,    -0.34,     -3,   1
   -66.563,    43.688,   -36.41,      0,   1
   -59.934,    48.425,   -11.46,      0,   1
   -67.494,    42.750,    -3.60,      0,   1
   -60.236,    47.797,   -57.09,      0,   1
   -67.649,    40.594,  -102.92,      0,   1
   -58.039,    41.881,   -17.00,      0,   1
   -60.485,    47.796,   -49.72,      0,   1
   -61.957,    46.207,    -7.79,      0,   1
   -67.269,    42.499,  -148.93,      0,   1
   -60.065,    47.211,  -230.42,      0,   1
   -62.774,    37.974,    -2.21,     -3,   1
   -63.068,    39.839,    -5.96,      0,   1
   -60.066,    48.683,  -208.64,      0,   1
   -60.174,    47.412,   -51.47,      0,   1
   -64.284,    41.496,   -23.94,      0,   1
   -59.739,    47.679,   -21.37,      0,   1
   -69.809,    40.148,   -15.69,      0,   1
   -61.722,    46.149,   -21.43,      0,   1
   -66.396,    43.652,   -53.87,      0,   1
   -60.601,    47.796,  -196.11,      0,   1
   -66.448,    42.767,   -20.13,      0,   1
   -60.482,    47.344,   -63.76,      0,   1
   -58.867,    44.930,   -30.22,      0,   1
   -66.543,    43.577,    -6.37,      0,   1
   -59.975,    48.690,  -240.31,      0,   1
   -60.366,    46.994,   -27.78,      0,   1
   -67.477,    43.117,  -159.81,      0,   1
   -59.950,    47.422,  -159.72,      0,   1
   -67.520,    42.399,  -126.79,      0,   1
   -58.220,    46.442,   -23.86,      0,   1
   -58.883,    44.933,   -30.26,      0,   1
   -59.981,    47.372,   -30.65,      0,   1
   -60.652,    47.612,   -70.63,      0,   1
   -60.364,    47.096,   -45.92,      0,   1
   -60.179,    47.713,   -41.60,      0,   1
   -59.888,    49.196,  -182.78,      0,   1
   -59.517,    48.435,    -9.03,      0,   1
   -58.980,    50.261,  -128.39,      0,   1
   -59.977,    47.499,  -163.67,      0,   1
   -59.270,    49.381,  -164.13,      0,   1
   -60.908,    48.133,   -44.71,      0,   1
   -59.768,    49.115,    -5.38,      0,   1
   -59.562,    48.947,   -12.11,      0,   1
   -59.510,    49.628,   -75.38,      0,   1
   -59.557,    48.285,  -157.00,      0,   1
   -59.360,    49.067,   -94.34,      0,   1
   -59.669,    49.061,   -29.89,      0,   1
   -58.175,    46.889,   -29.45,      0,   1
   -59.725,    49.281,   -72.15,      0,   1
   -59.542,    49.016,   -52.60,      0,   1
   -60.207,    47.545,   -58.95,      0,   1
   -58.621,    49.234,    -8.95,      0,   1
   -54.840,    47.286,   -25.99,      0,   1
   -54.686,    47.055,   -10.43,      0,   1
   -55.565,    46.493,   -53.96,      0,   1
   -55.390,    46.582,    -8.08,      0,   1
   -55.554,    46.349,  -138.47,      0,   1
   -54.498,    47.194,   -76.89,      0,   1
   -56.968,    43.988,    -4.53,      0,   1
   -51.540,    41.594,    -5.32,     -3,   1
   -51.385,    41.643,   -21.62,     -3,   1
   -47.985,    46.666,   -95.41,      0,   1
   -50.887,    45.933,   -30.61,      0,   1
   -56.885,    44.580,    -7.76,      0,   1
   -54.315,    47.034,   -80.02,      0,   1
   -50.977,    44.636,   -39.26,      0,   1
   -50.699,    46.005,   -10.34,      0,   1
   -55.251,    43.873,    -5.64,      0,   1
   -54.170,    45.878,    -6.52,      0,   1
   -52.654,    45.158,   -16.52,      0,   1
   -51.702,    43.434,    -7.56,      0,   1
   -51.277,    46.395,   -20.10,      0,   1
   -49.523,    44.991,   -66.05,      0,   1
   -50.320,    45.065,   -31.61,      0,   1
   -50.177,    45.642,   -63.90,      0,   1
   -50.275,    45.394,    -8.90,      0,   1
   -58.611,    43.711,   -13.94,      0,   1
   -58.027,    47.062,  -170.24,      0,   1
   -55.671,    45.883,   -30.59,      0,   1
   -52.645,    45.955,   -24.50,      0,   1
   -53.073,    43.653,   -39.56,      0,   1
   -49.670,    45.044,   -61.08,      0,   1
   -53.921,    43.832,   -65.00,      0,   1
   -51.102,    43.520,   -33.57,      0,   1
   -50.906,    46.847,   -47.18,      0,   1
   -53.835,    42.983,    -2.41,      0,   1
   -50.088,    45.070,   -23.78,      0,   1
   -50.668,    46.126,   -19.98,      0,   1
   -59.709,    49.309,  -109.58,      0,   1
   -49.123,    44.337,    -5.27,      0,   1
   -59.832,    48.096,  -239.47,      0,   1
   -53.303,    46.184,   -29.17,      0,   1
   -60.118,    49.277,   -68.58,      0,   1
   -50.740,    45.423,   -35.30,      0,   1
   -59.667,    48.662,   -12.10,      0,   1
   -52.079,    45.313,   -41.82,      0,   1
   -58.398,    49.624,   -52.86,      0,   1
   -51.039,    46.288,   -46.06,      0,   1
   -59.783,    49.334,   -20.42,      0,   1
   -48.356,    47.046,   -29.53,      0,   1
   -59.661,    49.280,   -80.54,      0,   1
   -51.697,    46.453,   -52.14,      0,   1
   -60.165,    47.411,   -84.76,      0,   1
   -46.251,    45.499,    -3.15,     -3,   1
   -59.722,    49.385,  -148.59,      0,   1
   -51.078,    43.405,   -36.40,      0,   1
   -59.768,    48.746,  -173.46,      0,   1
   -52.849,    46.079,   -39.36,      0,   1
   -59.636,    49.396,   -20.59,      0,   1
   -52.023,    46.170,    -9.32,      0,   1
   -45.974,    45.019,   -98.62,     -3,   1
   -51.233,    44.183,   -10.11,      0,   1
   -59.090,    49.869,   -18.83,      0,   1
   -52.292,    46.419,   -12.69,      0,   1
   -59.358,    49.327,   -26.68,      0,   1
   -49.613,    45.220,   -64.93,      0,   1
   -60.526,    47.713,   -28.72,      0,   1
   -54.851,    46.625,    -5.45,      0,   1
   -55.571,    51.620,    -5.76,      0,   1
   -51.713,    46.613,   -40.88,      0,   1
   -59.602,    48.825,   -22.11,      0,   1
   -49.889,    43.520,   -73.08,      0,   1
   -59.616,    49.237,   -54.03,      0,   1
   -54.495,    46.947,    -2.85,      0,   1
   -59.521,    49.218,   -39.29,      0,   1
   -51.582,    46.965,   -82.19,      0,   1
   -59.550,    49.192,   -42.64,      0,   1
   -51.183,    46.987,   -85.84,      0,   1
   -57.904,    50.733,   -24.62,      0,   1
   -50.062,    46.951,   -53.59,      0,   1
   -59.414,    48.754,  -111.51,      0,   1
   -50.197,    46.175,   -63.53,      0,   1
   -48.503,    47.138,   -28.59,      0,   1
   -50.906,    45.104,   -31.36,      0,   1
   -55.450,    46.283,  -138.65,      0,   1
   -54.693,    47.340,   -22.27,      0,   1
   -54.965,    47.121,    -2.07,      0,   1
   -54.115,    47.127,   -28.88,      0,   1
   -54.582,    47.212,   -37.49,      0,   1
   -54.398,    47.209,   -70.85,      0,   1
   -55.444,    45.694,   -86.06,      0,   1
   -54.800,    47.145,   -28.76,      0,   1
   -50.812,    44.751,   -40.77,      0,   1
   -63.403,    41.666,    -6.95,      0,   1
   -63.065,    39.681,   -34.64,      0,   1
   -62.143,    39.379,   -53.58,      0,   1
   -59.395,    41.945,    -9.45,      0,   1
   -56.535,    41.037,   -51.05,      0,   1
   -63.304,    40.600,  -141.11,      0,   1
   -62.575,    43.930,   -27.34,      0,   1
   -63.378,    40.441,  -127.90,      0,   1
   -62.889,    40.789,   -40.87,      0,   1
   -62.864,    41.682,    -2.83,      0,   1
   -56.126,    42.110,    -3.08,      0,   1
   -62.597,    43.280,   -71.55,      0,   1
   -60.052,    40.094,   -21.18,      0,   1
   -64.959,    41.310,   -15.72,      0,   1
   -68.121,    41.118,    -4.93,      0,   1
   -64.352,    41.477,   -43.26,      0,   1
   -66.917,    41.800,    -2.54,      0,   1
   -69.686,    42.040,   -88.81,      0,   1
   -58.961,    41.473,    -7.68,      0,   1
   -62.932,    40.181,   -25.29,      0,   1
   -63.262,    40.207,   -17.43,      0,   1
   -63.572,    40.069,  -191.96,      0,   1
   -69.163,    42.391,    -2.71,      0,   1
   -66.202,    43.945,   -24.60,      0,   1
   -67.440,    43.096,  -173.71,      0,   1
   -70.660,    41.110,    -0.69,     -3,   1
   -70.664,    41.117,    -1.32,     -3,   1
   -67.293,    43.704,   -13.68,      0,   1
   -65.266,    40.766,   -32.05,      0,   1
   -50.495,    44.892,   -39.01,      0,   1
   -65.182,    40.873,  -103.83,      0,   1
   -58.664,    45.031,   -76.60,      0,   1
   -55.283,    42.724,   -17.51,      0,   1
   -59.848,    44.961,   -65.56,      0,   1
   -62.944,    41.164,   -31.48,      0,   1
   -59.703,    46.831,  -190.19,      0,   1
   -59.925,    48.024,  -322.13,      0,   1
   -57.644,    46.748,   -19.46,      0,   1
   -59.633,    44.661,   -92.37,      0,   1
   -62.859,    42.764,   -13.27,      0,   1
   -60.170,    46.525,    -7.52,      0,   1
   -58.099,    46.293,    -1.44,      0,   1
   -59.996,    47.175,  -125.01,      0,   1
   -60.128,    44.925,    -5.48,      0,   1
   -60.439,    48.385,   -48.46,      0,   1
   -59.097,    45.163,   -65.74,      0,   1
   -60.362,    49.592,   -39.48,      0,   1
   -60.282,    47.880,   -65.39,      0,   1
   -56.855,    47.429,   -17.03,      0,   1
   -60.529,    47.802,  -101.57,      0,   1
   -59.708,    47.946,  -243.78,      0,   1
   -61.001,    47.567,   -43.76,      0,   1
   -62.418,    41.139,   -23.10,      0,   1
   -59.243,    45.122,   -25.65,      0,   1
   -59.997,    47.315,  -202.88,      0,   1
   -62.153,    41.154,   -16.53,      0,   1
   -52.304,    42.343,   -25.20,      0,   1
   -61.910,    46.229,   -40.29,      0,   1
   -52.337,    44.231,    -0.56,      0,   1
   -60.735,    41.736,   -30.72,      0,   1
   -59.752,    45.410,   -22.47,      0,   1
   -60.006,    47.356,  -124.04,      0,   1
   -59.625,    45.785,   -54.97,      0,   1
   -66.057,    41.494,   -16.79,      0,   1
   -60.710,    47.146,   -34.63,      0,   1
   -59.752,    45.862,   -42.40,      0,   1
   -58.485,    45.006,    -9.34,      0,   1
   -60.049,    46.809,    -6.55,      0,   1
   -59.433,    48.264,   -34.41,      0,   1
   -60.152,    47.128,  -145.36,      0,   1
   -57.445,    46.455,    -2.03,      0,   1
   -59.994,    48.249,   -57.21,      0,   1
   -60.058,    44.721,   -29.37,      0,   1
   -59.629,    45.866,   -56.52,      0,   1
   -60.463,    47.592,   -95.39,      0,   1
   -59.883,    47.929,  -317.65,      0,   1
   -60.400,    47.471,  -184.78,      0,   1
   -60.198,    47.115,  -121.10,      0,   1
   -61.226,    48.634,   -91.73,      0,   1
   -59.733,    46.148,   -13.92,      0,   1
   -61.827,    48.816,   -19.83,      0,   1
   -59.343,    48.331,   -91.91,      0,   1
   -60.953,    48.967,   -73.11,      0,   1
   -59.925,    49.198,  -177.36,      0,   1
   -61.357,    47.594,    -2.77,      0,   1
   -59.431,    47.625,   -10.18,      0,   1
   -59.355,    48.984,  -152.96,      0,   1
   -59.446,    48.604,  -103.60,      0,   1
   -59.980,    45.761,   -19.06,      0,   1
   -58.169,    50.311,  -150.33,      0,   1
   -61.978,    49.000,   -22.74,      0,   1
   -59.864,    49.222,   -83.00,      0,   1
   -59.630,    48.327,   -31.49,      0,   1
   -58.102,    46.686,   -16.30,      0,   1
   -60.510,    48.124,   -16.79,      0,   1
   -59.758,    49.276,  -156.19,      0,   1
   -59.765,    49.494,  -127.81,      0,   1
   -59.122,    50.347,   -43.67,      0,   1
   -59.918,    48.963,   -40.87,      0,   1
   -59.698,    48.596,  -164.08,      0,   1
   -48.372,    46.076,   -27.00,      0,   1
   -54.723,    46.888,    -1.82,      0,   1
   -55.471,    46.521,    -9.04,      0,   1
   -54.998,    47.079,   -54.25,      0,   1
   -50.740,    45.806,   -49.90,      0,   1
   -54.254,    47.416,   -13.74,      0,   1
   -56.176,    46.659,   -71.79,      0,   1
   -48.214,    46.730,   -22.96,      0,   1
   -51.901,    45.320,   -29.60,      0,   1
   -54.242,    45.275,   -87.94,      0,   1
   -50.291,    44.922,   -17.06,      0,   1
   -54.491,    45.565,   -68.93,      0,   1
   -54.100,    45.314,   -63.24,      0,   1
   -50.855,    46.412,   -42.72,      0,   1
   -59.261,    44.270,   -22.83,      0,   1
   -54.500,    44.954,   -47.05,      0,   1
   -52.972,    43.868,    -4.55,      0,   1
   -53.969,    45.466,   -25.47,      0,   1
   -51.298,    43.701,   -53.91,      0,   1
   -51.498,    44.587,   -24.79,      0,   1
   -55.614,    46.409,   -82.72,      0,   1
   -54.622,    46.932,   -42.51,      0,   1
   -51.394,    44.969,   -53.96,      0,   1
   -51.160,    43.499,   -52.98,      0,   1
   -53.574,    45.664,   -65.88,      0,   1
   -51.567,    45.364,   -30.87,      0,   1
   -52.278,    44.000,   -21.39,      0,   1
   -57.366,    44.717,  -199.93,      0,   1
   -49.449,    45.088,   -69.50,      0,   1
   -49.350,    45.573,    -8.42,      0,   1
   -53.072,    44.758,   -84.65,      0,   1
   -51.418,    46.016,    -6.65,      0,   1
   -49.577,    43.385,    -1.98,      0,   1
   -59.687,    48.782,    -5.63,      0,   1
   -53.000,    45.208,   -12.37,      0,   1
   -59.581,    45.864,   -18.69,      0,   1
   -52.209,    44.748,   -45.72,      0,   1
   -59.225,    48.051,   -24.18,      0,   1
   -52.255,    44.784,   -40.73,      0,   1
   -59.626,    49.522,  -154.54,      0,   1
   -53.280,    43.881,    -3.70,      0,   1
   -59.641,    49.156,  -186.85,      0,   1
   -45.950,    44.977,  -134.02,     -3,   1
   -59.978,    49.288,   -72.02,      0,   1
   -49.755,    46.398,   -30.89,      0,   1
   -57.679,    46.937,   -38.54,      0,   1
   -51.939,    46.373,   -55.85,      0,   1
   -59.627,    49.297,  -103.90,      0,   1
   -50.339,    46.409,   -67.47,      0,   1
   -59.385,    49.677,   -62.55,      0,   1
   -50.965,    43.220,   -13.63,      0,   1
   -59.883,    47.353,  -164.68,      0,   1
   -52.793,    46.383,   -44.63,      0,   1
   -51.963,    45.268,   -50.36,      0,   1
   -46.242,    45.483,   -15.97,     -3,   1
   -50.651,    45.164,   -28.24,      0,   1
   -59.609,    49.447,   -81.46,      0,   1
   -52.055,    46.335,    -9.35,      0,   1
   -59.685,    49.237,   -80.28,      0,   1
   -50.550,    46.378,   -22.48,      0,   1
   -59.606,    49.178,   -57.58,      0,   1
   -53.614,    46.422,   -81.28,      0,   1
   -57.749,    50.403,   -95.70,      0,   1
   -50.640,    43.582,   -53.85,      0,   1
   -59.656,    49.286,   -33.08,      0,   1
   -50.629,    43.901,   -55.80,      0,   1
   -59.652,    49.302,   -37.79,      0,   1
   -50.656,    45.639,   -21.49,      0,   1
   -57.717,    50.331,   -73.79,      0,   1
   -50.425,    46.300,   -71.82,      0,   1
   -59.119,    49.136,   -17.03,      0,   1
   -51.704,    46.635,   -20.59,      0,   1
   -59.824,    49.412,  -125.54,      0,   1
   -51.511,    43.577,   -50.96,      0,   1
   -51.362,    47.078,   -58.13,      0,   1
   -55.205,    45.728,    -4.09,      0,   1
   -56.272,    45.648,    -8.77,      0,   1
   -54.910,    47.184,   -47.10,      0,   1
   -54.935,    46.888,    -9.71,      0,   1
   -55.221,    46.260,   -35.59,      0,   1
   -55.956,    46.540,  -114.29,      0,   1
   -54.722,    47.021,    -3.83,      0,   1
   -55.734,    46.427,   -22.63,      0,   1
   -57.459,    46.404,   -26.08,      0,   1
   -67.135,    42.471,   -95.02,      0,   1
   -64.714,    40.546,   -17.74,      0,   1
   -63.832,    41.770,   -22.96,      0,   1
   -67.302,    43.637,  -102.94,      0,   1
   -67.540,    43.169,    -4.32,      0,   1
   -67.046,    43.601,   -76.11,      0,   1
   -54.449,    40.944,    -3.84,      0,   1
   -65.363,    41.027,   -58.33,      0,   1
   -63.467,    40.979,    -7.87,      0,   1
   -64.374,    42.464,    -6.24,      0,   1
   -61.277,    41.368,    -7.12,      0,   1
   -56.361,    42.214,   -23.25,      0,   1
   -63.410,    40.366,  -107.43,      0,   1
   -56.116,    41.192,   -95.42,      0,   1
   -60.597,    42.542,    -9.63,      0,   1
   -56.041,    42.124,   -24.90,      0,   1
   -63.072,    40.964,    -6.62,      0,   1
   -63.259,    40.640,  -153.24,      0,   1
   -64.706,    43.045,   -77.11,      0,   1
   -55.498,    41.481,   -32.22,      0,   1
   -59.789,    42.129,    -2.89,      0,   1
   -63.066,    40.809,   -59.06,      0,   1
   -68.493,    43.968,   -35.33,      0,   1
   -67.524,    42.505,   -11.42,      0,   1
   -62.557,    39.840,    -1.28,      0,   1
   -67.335,    42.728,    -0.55,      0,   1
   -62.477,    39.406,   -44.69,      0,   1
   -58.046,    42.135,    -1.12,      0,   1
   -69.516,    41.536,   -25.08,      0,   1
   -66.432,    41.253,   -10.17,      0,   1
   -62.670,    39.408,  -107.00,      0,   1
   -61.492,    41.407,   -65.77,      0,   1
   -70.653,    41.096,    -0.54,     -3,   1
   -62.009,    41.664,   -16.39,      0,   1
   -64.391,    41.757,   -34.58,      0,   1
   -61.241,    41.201,    -7.11,      0,   1
   -63.339,    39.747,  -149.49,      0,   1
   -68.238,    43.994,   -66.73,      0,   1
   -63.313,    40.558,  -128.38,      0,   1
   -65.521,    41.058,   -43.23,      0,   1
   -56.420,    42.282,   -11.87,      0,   1
   -63.438,    40.335,  -114.06,      0,   1
   -65.430,    41.100,   -43.06,      0,   1
   -65.609,    40.822,    -3.60,      0,   1
   -63.867,    41.004,    -6.20,      0,   1
   -63.428,    40.326,  -125.31,      0,   1
   -55.200,    40.436,   -10.50,     -3,   1
   -65.185,    40.860,    -5.26,      0,   1
   -63.293,    40.566,   -92.91,      0,   1
   -62.802,    39.615,   -21.31,      0,   1
   -60.119,    42.203,   -38.90,      0,   1
   -63.295,    40.584,  -104.97,      0,   1
   -62.558,    40.725,   -41.11,      0,   1
   -63.362,    40.483,  -132.92,      0,   1
   -62.681,    41.030,   -20.28,      0,   1
   -63.255,    40.614,   -87.25,      0,   1
   -61.355,    41.644,   -11.11,      0,   1
   -63.255,    40.004,   -33.76,      0,   1
   -61.469,    41.145,   -11.89,      0,   1
   -63.277,    40.258,   -21.84,      0,   1
   -64.162,    41.533,   -23.52,      0,   1
   -62.340,    41.249,   -21.02,      0,   1
   -62.768,    39.717,   -17.60,      0,   1
   -63.141,    40.378,    -7.22,      0,   1
   -63.845,    40.975,    -3.56,      0,   1
   -62.991,    40.754,   -28.87,      0,   1
   -67.307,    42.544,  -148.77,      0,   1
   -62.247,    41.289,    -9.75,      0,   1
   -67.330,    42.997,   -22.51,      0,   1
   -62.723,    39.482,   -11.80,      0,   1
   -54.589,    41.058,   -10.46,      0,   1
   -66.800,    44.683,   -19.14,      0,   1
   -63.301,    40.582,  -109.35,      0,   1
   -55.829,    42.113,   -12.31,      0,   1
   -56.119,    41.139,   -74.66,      0,   1
   -59.880,    47.784,   -24.26,      0,   1
   -60.881,    41.149,   -17.03,      0,   1
   -60.248,    48.055,   -31.70,      0,   1
   -66.959,    43.671,  -108.42,      0,   1
   -59.938,    47.788,   -47.51,      0,   1
   -63.209,    40.526,   -28.57,      0,   1
   -59.599,    48.638,  -153.20,      0,   1
   -63.573,    41.592,   -11.10,      0,   1
   -61.196,    48.622,  -116.51,      0,   1
   -62.228,    41.302,   -26.82,      0,   1
   -67.450,    42.586,  -123.54,      0,   1
   -59.917,    48.310,  -119.33,      0,   1
   -66.478,    44.058,   -69.68,      0,   1
   -58.242,    50.917,   -65.56,      0,   1
   -55.008,    40.497,    -5.87,     -3,   1
   -64.699,    42.064,    -9.82,      0,   1
   -59.172,    49.085,    -5.73,      0,   1
   -61.941,    46.273,    -8.73,      0,   1
   -61.340,    41.725,   -22.25,      0,   1
   -59.535,    48.597,  -119.18,      0,   1
   -62.653,    39.658,    -6.84,      0,   1
   -66.026,    43.595,   -21.02,      0,   1
   -60.147,    47.391,  -114.93,      0,   1
   -59.985,    47.590,   -19.80,      0,   1
   -67.224,    42.436,  -133.86,      0,   1
   -60.271,    46.539,   -35.46,      0,   1
   -63.379,    40.258,  -118.09,      0,   1
   -61.654,    46.383,    -4.87,      0,   1
   -63.336,    41.417,   -90.05,      0,   1
   -59.860,    48.519,   -33.41,      0,   1
   -70.259,    42.156,   -16.82,      0,   1
   -57.724,    50.977,   -23.74,      0,   1
   -61.935,    45.924,    -8.82,      0,   1
   -60.823,    41.897,   -48.45,      0,   1
   -59.913,    48.335,  -118.72,      0,   1
   -59.928,    46.498,   -17.74,      0,   1
   -64.731,    41.432,    -9.95,      0,   1
   -57.385,    46.933,   -43.72,      0,   1
   -61.560,    41.204,   -11.19,      0,   1
   -59.610,    45.840,   -76.67,      0,   1
   -54.702,    42.391,   -15.59,      0,   1
   -58.668,    43.883,    -1.13,      0,   1
   -57.774,    46.826,   -14.24,      0,   1
   -62.303,    49.004,   -37.18,      0,   1
   -59.564,    48.636,  -122.24,      0,   1
   -58.774,    49.509,   -61.80,      0,   1
   -59.750,    48.906,  -143.88,      0,   1
   -60.120,    48.297,   -80.60,      0,   1
   -60.260,    49.112,  -207.77,      0,   1
   -60.066,    47.393,  -143.76,      0,   1
   -60.095,    49.021,  -107.11,      0,   1
   -59.829,    48.609,   -59.79,      0,   1
   -58.300,    46.473,   -33.71,      0,   1
   -59.232,    48.411,   -20.92,      0,   1
   -59.415,    48.394,  -105.19,      0,   1
   -59.892,    48.550,  -238.89,      0,   1
   -58.827,    48.461,   -16.13,      0,   1
   -60.194,    48.259,   -15.49,      0,   1
   -59.205,    49.255,    -5.04,      0,   1
   -59.736,    49.702,   -71.08,      0,   1
   -60.019,    46.583,   -63.20,      0,   1
   -57.975,    50.372,   -91.92,      0,   1
   -60.390,    48.052,   -16.48,      0,   1
   -58.003,    41.848,   -13.74,      0,   1
   -54.228,    47.190,   -52.42,      0,   1
   -54.868,    47.213,   -46.04,      0,   1
   -55.224,    45.937,  -103.98,      0,   1
   -53.674,    46.936,   -12.20,      0,   1
   -54.664,    47.197,   -31.64,      0,   1
   -53.877,    46.864,   -12.23,      0,   1
   -54.765,    47.228,   -16.33,      0,   1
   -51.466,    41.617,   -17.68,     -3,   1
   -51.615,    41.570,   -14.59,     -3,   1
   -51.128,    41.723,    -9.72,     -3,   1
   -51.161,    44.503,   -30.38,      0,   1
   -48.102,    46.666,   -13.70,      0,   1
   -60.001,    44.373,   -96.29,      0,   1
   -53.096,    46.129,    -1.13,      0,   1
   -55.445,    45.196,   -80.01,      0,   1
   -55.522,    45.837,   -13.46,      0,   1
   -51.479,    45.215,   -52.74,      0,   1
   -50.735,    46.167,   -19.46,      0,   1
   -54.810,    46.904,  -122.16,      0,   1
   -51.211,    44.470,   -54.41,      0,   1
   -50.420,    42.962,    -6.06,      0,   1
   -50.817,    43.433,   -16.10,      0,   1
   -52.609,    45.050,   -72.28,      0,   1
   -57.422,    46.648,   -43.86,      0,   1
   -51.318,    43.549,   -11.41,      0,   1
   -51.143,    44.474,   -50.70,      0,   1
   -50.921,    46.015,   -33.65,      0,   1
   -60.984,    43.609,   -11.08,      0,   1
   -62.341,    42.961,  -196.12,      0,   1
   -60.108,    43.508,  -388.00,      0,   1
   -52.428,    46.321,   -32.76,      0,   1
   -50.394,    45.216,   -48.28,      0,   1
   -51.251,    44.732,   -46.93,      0,   1
   -49.534,    44.260,   -54.97,      0,   1
   -53.735,    46.548,   -60.32,      0,   1
   -54.963,    45.183,  -140.62,      0,   1
   -50.805,    44.718,   -32.09,      0,   1
   -59.885,    49.370,   -40.43,      0,   1
   -51.190,    45.653,   -51.54,      0,   1
   -59.748,    49.315,   -60.54,      0,   1
   -50.184,    46.238,   -25.00,      0,   1
   -59.457,    49.246,  -153.30,      0,   1
   -49.216,    46.055,   -16.71,      0,   1
   -59.860,    49.352,   -19.60,      0,   1
   -51.987,    45.982,   -16.59,      0,   1
   -59.745,    49.461,  -123.83,      0,   1
   -51.587,    44.357,   -48.67,      0,   1
   -59.584,    45.891,   -26.84,      0,   1
   -45.904,    44.897,   -23.23,     -3,   1
   -59.558,    49.096,    -5.62,      0,   1
   -50.447,    43.758,   -44.80,      0,   1
   -59.098,    48.957,    -8.82,      0,   1
   -51.685,    46.304,   -57.21,      0,   1
   -59.407,    49.642,   -83.23,      0,   1
   -50.260,    45.689,   -55.45,      0,   1
   -59.589,    49.155,  -175.33,      0,   1
   -54.523,    44.923,   -50.22,      0,   1
   -59.993,    48.908,  -162.85,      0,   1
   -50.680,    45.166,   -30.16,      0,   1
   -49.390,    44.475,   -12.48,      0,   1
   -50.936,    45.297,   -60.92,      0,   1
   -59.601,    49.065,   -62.28,      0,   1
   -51.118,    46.185,   -26.49,      0,   1
   -59.849,    49.202,   -60.68,      0,   1
   -52.665,    44.860,   -76.72,      0,   1
   -57.779,    50.665,   -29.09,      0,   1
   -52.118,    46.292,   -84.19,      0,   1
   -59.766,    49.259,   -96.78,      0,   1
   -49.463,    45.276,   -67.28,      0,   1
   -59.193,    48.621,   -47.16,      0,   1
   -49.498,    45.032,   -66.97,      0,   1
   -59.488,    46.150,   -20.83,      0,   1
   -50.166,    46.567,   -50.15,      0,   1
   -59.739,    48.242,  -202.92,      0,   1
   -49.008,    44.271,    -4.71,      0,   1
   -57.682,    50.379,   -70.87,      0,   1
   -50.039,    46.880,   -47.25,      0,   1
   -59.772,    49.286,  -112.41,      0,   1
   -51.153,    47.113,   -61.45,      0,   1
   -59.744,    49.297,  -106.73,      0,   1
   -54.934,    47.130,   -54.70,      0,   1
   -60.139,    44.310,   -87.93,      0,   1
   -50.801,    43.828,   -20.40,      0,   1
   -55.812,    46.432,  -124.51,      0,   1
   -54.428,    47.272,    -6.84,      0,   1
   -54.274,    47.409,   -17.38,      0,   1
   -55.532,    46.386,  -122.07,      0,   1
   -62.363,    43.130,   -42.05,      0,   1
   -54.191,    47.321,   -20.15,      0,   1
   -56.257,    46.214,   -11.78,      0,   1
   -55.036,    44.803,    -3.97,      0,   1
   -57.093,    45.586,   -16.01,      0,   1
   -60.389,    41.786,    -6.38,      0,   1
   -62.969,    43.897,  -117.14,      0,   1
   -64.094,    41.462,   -34.41,      0,   1
   -57.143,    41.379,   -29.81,      0,   1
   -62.738,    39.694,   -22.89,      0,   1
   -62.820,    39.517,    -6.76,      0,   1
   -67.075,    43.338,  -129.15,      0,   1
   -64.503,    41.970,   -11.47,      0,   1
   -66.502,    42.586,  -101.55,      0,   1
   -64.329,    43.248,   -74.83,      0,   1
   -65.045,    40.489,    -1.36,      0,   1
   -64.789,    40.550,   -17.57,      0,   1
   -55.997,    41.705,   -37.35,      0,   1
   -67.398,    42.352,   -24.57,      0,   1
   -61.915,    41.075,   -40.22,      0,   1
   -60.922,    41.484,   -32.05,      0,   1
   -67.861,    43.222,   -28.64,      0,   1
   -70.506,    42.505,   -39.87,      0,   1
   -61.557,    41.098,   -10.44,      0,   1
   -65.031,    42.718,    -7.90,      0,   1
   -66.906,    42.475,   -11.86,      0,   1
   -67.453,    41.141,    -4.77,      0,   1
   -63.172,    39.840,  -108.61,      0,   1
   -65.803,    42.354,  -141.09,      0,   1
   -64.132,    41.293,   -53.82,      0,   1
   -69.695,    43.128,   -97.19,      0,   1
   -69.856,    40.936,   -20.64,      0,   1
   -69.021,    41.818,   -97.69,      0,   1
   -67.433,    39.404,   -35.90,      0,   1
   -67.520,    39.637,   -19.95,      0,   1
   -60.744,    46.993,   -53.25,      0,   1
   -61.798,    42.128,    -6.94,      0,   1
   -59.740,    46.921,  -185.70,      0,   1
   -69.986,    39.857,   -75.98,     -3,   1
   -59.798,    46.863,  -136.15,      0,   1
   -57.988,    45.393,   -12.93,      0,   1
   -62.185,    42.764,   -28.01,      0,   1
   -59.444,    46.461,    -3.61,      0,   1
   -59.553,    45.695,   -35.26,      0,   1
   -62.169,    46.646,   -10.82,      0,   1
   -59.974,    45.289,    -9.53,      0,   1
   -58.212,    45.134,   -15.05,      0,   1
   -54.037,    45.128,   -21.92,      0,   1
   -59.973,    47.480,  -110.76,      0,   1
   -61.372,    47.976,   -28.17,      0,   1
   -61.454,    47.870,    -5.28,      0,   1
   -59.658,    48.928,   -87.32,      0,   1
   -57.294,    45.078,   -64.71,      0,   1
   -60.364,    46.861,   -35.60,      0,   1
   -60.836,    47.037,   -32.22,      0,   1
   -57.783,    46.800,   -20.98,      0,   1
   -62.963,    41.027,  -143.04,      0,   1
   -59.789,    48.511,  -208.97,      0,   1
   -59.933,    47.906,   -35.78,      0,   1
   -62.260,    41.133,    -9.63,      0,   1
   -60.242,    49.503,   -40.12,      0,   1
   -61.427,    46.360,   -13.04,      0,   1
   -59.965,    45.717,   -28.48,      0,   1
   -62.974,    39.572,   -33.56,      0,   1
   -60.187,    47.205,   -95.89,      0,   1
   -60.805,    47.760,   -84.36,      0,   1
   -59.344,    45.765,   -34.74,      0,   1
   -62.658,    39.433,   -17.67,      0,   1
   -61.809,    46.150,   -18.31,      0,   1
   -59.702,    45.001,   -19.43,      0,   1
   -60.577,    47.117,   -52.64,      0,   1
   -61.213,    47.363,   -31.10,      0,   1
   -59.281,    45.790,   -42.40,      0,   1
   -59.670,    46.431,    -8.08,      0,   1
   -59.879,    47.417,  -158.69,      0,   1
   -59.788,    47.338,  -163.54,      0,   1
   -59.168,    48.209,   -19.48,      0,   1
   -59.750,    46.984,  -181.60,      0,   1
   -59.560,    48.894,   -63.50,      0,   1
   -59.409,    49.945,   -88.27,      0,   1
   -60.410,    47.349,  -138.22,      0,   1
   -59.859,    47.724,   -51.14,      0,   1
   -59.882,    47.614,   -37.38,      0,   1
   -59.965,    49.132,   -88.28,      0,   1
   -59.760,    49.067,   -46.66,      0,   1
   -60.013,    48.610,  -248.15,      0,   1
   -59.679,    49.311,  -203.89,      0,   1
   -59.838,    49.262,   -68.96,      0,   1
   -59.530,    48.927,   -51.29,      0,   1
   -59.768,    49.225,   -21.96,      0,   1
   -59.699,    49.205,   -43.59,      0,   1
   -59.596,    49.318,  -192.78,      0,   1
   -59.269,    48.471,   -65.74,      0,   1
   -59.417,    48.682,  -103.39,      0,   1
   -59.400,    49.200,  -159.99,      0,   1
   -59.905,    49.339,   -71.59,      0,   1
   -59.507,    49.227,  -138.76,      0,   1
   -59.550,    46.743,   -37.16,      0,   1
   -58.555,    48.918,    -6.74,      0,   1
   -59.563,    49.263,  -195.54,      0,   1
   -60.136,    48.712,  -195.95,      0,   1
   -60.031,    48.869,  -113.44,      0,   1
   -57.962,    50.880,   -10.04,      0,   1
   -59.440,    48.949,   -15.27,      0,   1
   -59.720,    48.864,   -89.64,      0,   1
   -54.878,    46.978,   -10.61,      0,   1
   -50.602,    44.797,    -2.77,      0,   1
   -55.865,    46.524,   -11.25,      0,   1
   -54.789,    47.197,   -54.32,      0,   1
   -55.351,    46.280,   -24.09,      0,   1
   -48.231,    46.425,   -22.86,      0,   1
   -53.309,    41.037,    -6.01,     -3,   1
   -61.643,    43.023,  -285.90,      0,   1
   -50.737,    41.845,    -8.98,     -3,   1
   -61.656,    42.908,   -76.53,      0,   1
   -53.661,    43.884,    -5.85,      0,   1
   -59.633,    43.631,   -44.45,      0,   1
   -50.722,    46.258,   -73.21,      0,   1
   -53.749,    44.721,  -279.47,      0,   1
   -50.650,    46.338,   -66.36,      0,   1
   -50.471,    44.460,   -32.87,      0,   1
   -51.841,    45.674,   -43.23,      0,   1
   -51.087,    45.886,    -5.79,      0,   1
   -57.762,    44.577,   -49.38,      0,   1
   -57.292,    47.354,  -111.64,      0,   1
   -49.410,    44.571,   -71.87,      0,   1
   -50.760,    43.265,   -26.52,      0,   1
   -55.282,    45.329,    -6.70,      0,   1
   -54.443,    46.800,  -113.85,      0,   1
   -53.274,    43.073,    -3.29,      0,   1
   -54.137,    45.052,  -131.17,      0,   1
   -49.479,    44.954,   -68.24,      0,   1
   -59.265,    43.887,  -226.30,      0,   1
   -54.316,    46.861,   -78.12,      0,   1
   -49.407,    44.435,   -71.40,      0,   1
   -51.016,    46.441,   -57.05,      0,   1
   -51.397,    46.287,   -51.61,      0,   1
   -50.051,    42.628,    -3.16,      0,   1
   -54.591,    44.965,   -58.88,      0,   1
   -60.098,    48.864,  -154.80,      0,   1
   -51.775,    45.540,   -66.49,      0,   1
   -59.839,    49.341,   -51.19,      0,   1
   -50.696,    43.298,   -34.09,      0,   1
   -57.906,    50.669,   -37.45,      0,   1
   -49.680,    44.976,   -58.85,      0,   1
   -59.936,    48.779,   -37.45,      0,   1
   -49.395,    45.933,   -17.26,      0,   1
   -59.382,    49.393,  -132.54,      0,   1
   -45.906,    44.900,   -94.93,     -3,   1
   -60.018,    49.416,   -99.42,      0,   1
   -49.908,    44.723,   -22.66,      0,   1
   -59.814,    47.891,   -36.49,      0,   1
   -49.511,    45.837,   -26.49,      0,   1
   -60.024,    49.288,   -61.60,      0,   1
   -50.576,    42.672,    -3.11,      0,   1
   -59.760,    49.350,  -133.71,      0,   1
   -48.781,    46.712,   -19.75,      0,   1
   -59.913,    48.766,   -16.46,      0,   1
   -50.099,    43.494,   -12.39,      0,   1
   -48.090,    47.060,   -30.48,      0,   1
   -51.078,    44.422,   -41.27,      0,   1
   -50.147,    44.360,   -41.04,      0,   1
   -59.829,    49.339,   -12.43,      0,   1
   -54.278,    46.690,   -29.89,      0,   1
   -59.601,    49.195,   -71.00,      0,   1
   -50.183,    45.268,    -7.93,      0,   1
   -59.750,    49.281,   -52.21,      0,   1
   -49.819,    44.266,    -0.57,      0,   1
   -57.627,    51.024,    -7.78,      0,   1
   -50.427,    46.171,   -67.51,      0,   1
   -57.683,    50.632,   -31.46,      0,   1
   -50.139,    44.493,   -22.74,      0,   1
   -57.735,    50.569,   -99.27,      0,   1
   -53.314,    44.560,    -7.58,      0,   1
   -59.720,    49.309,   -32.03,      0,   1
   -50.922,    46.398,   -59.75,      0,   1
   -59.535,    49.870,   -52.27,      0,   1
   -50.794,    45.960,    -9.31,      0,   1
   -59.301,    48.178,   -39.85,      0,   1
   -55.702,    44.610,    -9.00,      0,   1
   -51.430,    45.039,    -4.10,      0,   1
   -51.077,    43.579,   -23.65,      0,   1
   -54.970,    47.199,   -39.07,      0,   1
   -55.017,    46.954,   -29.50,      0,   1
   -49.450,    46.158,   -47.67,      0,   1
   -55.012,    47.054,   -17.59,      0,   1
   -55.344,    46.675,   -15.70,      0,   1
   -55.843,    46.191,    -9.91,      0,   1
   -54.312,    47.237,   -56.15,      0,   1
   -59.029,    43.901,   -17.34,      0,   1
   -54.403,    47.199,   -73.77,      0,   1
   -53.245,    43.835,    -5.64,      0,   1
   -63.223,    40.696,   -72.54,      0,   1
   -57.632,    41.667,    -3.71,      0,   1
   -65.009,    42.545,    -6.51,      0,   1
   -67.300,    43.363,  -161.20,      0,   1
   -62.832,    40.136,   -27.29,      0,   1
   -59.798,    42.030,    -7.46,      0,   1
   -67.098,    43.338,  -139.21,      0,   1
   -64.866,    42.962,   -49.62,      0,   1
   -61.259,    39.537,    -4.99,      0,   1
   -57.965,    41.074,    -2.68,      0,   1
   -63.448,    40.377,    -1.19,      0,   1
   -63.055,    43.467,   -25.71,      0,   1
   -58.681,    41.501,    -0.22,      0,   1
   -65.413,    41.901,   -26.96,      0,   1
   -63.011,    40.176,    -9.21,      0,   1
   -64.734,    41.155,    -7.49,      0,   1
   -60.340,    41.465,    -4.83,      0,   1
   -63.496,    42.385,   -16.53,      0,   1
   -55.841,    41.587,    -3.62,      0,   1
   -69.374,    41.069,   -14.40,      0,   1
   -62.330,    40.780,    -9.38,      0,   1
   -62.971,    40.034,   -33.06,      0,   1
   -66.618,    43.550,   -49.10,      0,   1
   -56.080,    41.199,   -93.96,      0,   1
   -63.059,    40.696,   -33.07,      0,   1
   -69.815,    41.764,   -44.56,      0,   1
   -63.299,    40.595,  -106.47,      0,   1
   -65.500,    41.712,    -9.16,      0,   1
   -60.128,    41.811,    -1.28,      0,   1
   -66.908,    42.412,   -31.22,      0,   1
   -63.452,    40.146,  -127.07,      0,   1
   -70.686,    41.158,    -0.69,     -3,   1
   -70.689,    41.163,    -1.08,     -3,   1
   -67.962,    44.179,   -20.49,      0,   1
   -62.193,    41.355,    -3.42,      0,   1
   -67.479,    43.061,  -144.12,      0,   1
   -70.695,    41.173,    -2.69,     -3,   1
   -56.434,    42.238,   -15.34,      0,   1
   -63.361,    40.459,   -90.06,      0,   1
   -63.551,    40.226,  -200.19,      0,   1
   -57.750,    41.089,    -2.58,      0,   1
   -65.085,    40.542,    -6.33,      0,   1
   -63.127,    37.858,     0.12,     -3,   1
   -65.540,    40.819,   -14.17,      0,   1
   -56.205,    41.856,   -34.21,      0,   1
   -64.733,    40.500,   -40.24,      0,   1
   -63.253,    40.603,   -75.35,      0,   1
   -62.243,    39.381,   -51.65,      0,   1
   -67.486,    43.328,    -3.47,      0,   1
   -66.804,    43.038,   -34.67,      0,   1
   -59.486,    42.082,   -38.96,      0,   1
   -63.191,    41.701,    -8.97,      0,   1
   -63.467,    41.625,   -10.84,      0,   1
   -67.398,    43.696,   -92.64,      0,   1
   -67.445,    42.992,  -146.12,      0,   1
   -63.392,    41.355,    -7.50,      0,   1
   -62.152,    41.058,    -2.71,      0,   1
   -63.175,    40.227,    -8.37,      0,   1
   -56.228,    41.689,   -34.80,      0,   1
   -57.667,    41.567,   -28.04,      0,   1
   -63.964,    41.557,   -18.42,      0,   1
   -63.630,    41.647,   -10.24,      0,   1
   -63.922,    40.749,   -36.90,      0,   1
   -59.332,    42.027,   -41.72,      0,   1
   -63.378,    41.552,    -7.69,      0,   1
   -56.333,    41.649,   -28.64,      0,   1
   -67.537,    42.743,  -152.44,      0,   1
   -67.590,    42.801,  -154.78,      0,   1
   -62.945,    42.076,    -7.36,      0,   1
   -63.673,    43.313,   -22.06,      0,   1
   -60.881,    44.261,   -30.23,      0,   1
   -67.238,    43.728,   -43.80,      0,   1
   -70.092,    43.210,   -20.78,      0,   1
   -67.139,    43.636,   -74.32,      0,   1
   -65.927,    42.708,   -38.40,      0,   1
   -64.659,    41.395,    -3.49,      0,   1
   -57.630,    46.679,    -7.19,      0,   1
   -67.619,    42.845,  -162.32,      0,   1
   -59.671,    48.816,   -24.99,      0,   1
   -67.127,    43.535,  -150.60,      0,   1
   -59.501,    48.849,   -21.91,      0,   1
   -66.981,    43.684,  -105.75,      0,   1
   -59.550,    45.720,   -93.64,      0,   1
   -63.188,    37.837,    -0.02,     -3,   1
   -61.567,    44.066,   -56.23,      0,   1
   -59.747,    45.888,   -49.75,      0,   1
   -62.864,    41.829,    -2.42,      0,   1
   -59.916,    49.309,  -189.48,      0,   1
   -63.661,    37.680,    -0.93,     -3,   1
   -67.612,    42.667,  -172.18,      0,   1
   -57.603,    50.686,   -73.85,      0,   1
   -60.891,    47.334,    -9.09,      0,   1
   -67.641,    42.823,  -163.98,      0,   1
   -59.259,    48.469,   -64.89,      0,   1
   -59.089,    41.870,   -37.04,      0,   1
   -64.042,    41.533,   -19.14,      0,   1
   -59.842,    47.450,  -209.24,      0,   1
   -62.778,    45.918,    -9.69,      0,   1
   -67.291,    43.554,  -133.13,      0,   1
   -59.717,    49.058,   -16.56,      0,   1
   -60.215,    38.872,    -0.75,      0,   1
   -62.024,    45.890,   -22.96,      0,   1
   -66.337,    44.504,   -68.50,      0,   1
   -59.918,    46.562,   -78.78,      0,   1
   -67.316,    44.459,   -35.34,      0,   1
   -59.405,    49.362,   -16.81,      0,   1
   -62.707,    45.775,    -2.77,      0,   1
   -66.847,    44.433,   -80.70,      0,   1
   -59.147,    46.013,   -68.04,      0,   1
   -62.145,    46.015,   -16.87,      0,   1
   -61.357,    41.391,   -66.10,      0,   1
   -58.859,    50.013,   -92.23,      0,   1
   -66.629,    43.848,   -68.57,      0,   1
   -60.011,    49.134,  -216.63,      0,   1
   -59.989,    47.409,   -20.56,      0,   1
   -67.392,    43.252,  -161.63,      0,   1
   -60.019,    47.654,   -29.30,      0,   1
   -59.940,    48.261,  -127.37,      0,   1
   -60.040,    49.197,  -104.79,      0,   1
   -63.330,    48.425,   -46.58,      0,   1
   -57.127,    51.158,   -45.17,      0,   1
   -59.237,    48.997,   -10.41,      0,   1
   -60.088,    48.750,  -211.20,      0,   1
   -59.564,    48.575,  -135.45,      0,   1
   -60.270,    47.700,   -59.20,      0,   1
   -59.173,    48.547,   -47.17,      0,   1
   -59.547,    49.083,    -5.55,      0,   1
   -59.882,    49.523,   -35.44,      0,   1
   -59.774,    45.851,   -43.10,      0,   1
   -59.448,    48.954,   -90.09,      0,   1
   -59.410,    48.369,   -96.38,      0,   1
   -60.071,    48.726,  -210.50,      0,   1
   -59.499,    48.957,   -14.83,      0,   1
   -57.838,    46.169,    -3.80,      0,   1
   -60.474,    47.153,   -73.77,      0,   1
   -59.570,    49.077,   -11.80,      0,   1
   -60.449,    48.150,   -14.71,      0,   1
   -57.725,    50.689,   -28.98,      0,   1
   -59.709,    48.961,   -22.26,      0,   1
   -60.529,    47.599,  -120.70,      0,   1
   -58.218,    50.182,   -50.93,      0,   1
   -54.925,    47.263,   -29.91,      0,   1
   -55.663,    46.842,   -44.33,      0,   1
   -54.302,    47.268,   -49.03,      0,   1
   -50.368,    45.816,    -9.65,      0,   1
   -54.894,    47.192,   -45.57,      0,   1
   -50.997,    46.617,   -60.37,      0,   1
   -59.902,    49.070,   -99.95,      0,   1
   -49.420,    46.309,   -33.50,      0,   1
   -52.753,    41.965,  -348.70,      0,   1
   -51.202,    41.700,   -46.62,     -3,   1
   -54.522,    44.733,   -28.49,      0,   1
   -51.110,    44.736,   -41.46,      0,   1
   -53.890,    46.065,   -19.28,      0,   1
   -53.664,    45.683,   -17.44,      0,   1
   -48.410,    47.273,   -37.55,      0,   1
   -50.946,    45.902,   -52.23,      0,   1
   -50.300,    43.946,   -41.91,      0,   1
   -49.973,    45.031,   -54.66,      0,   1
   -49.419,    44.526,   -69.20,      0,   1
   -51.404,    43.495,   -40.93,      0,   1
   -49.430,    44.482,   -65.25,      0,   1
   -50.134,    44.982,   -31.89,      0,   1
   -55.726,    44.189,   -30.83,      0,   1
   -57.108,    47.256,  -189.86,      0,   1
   -53.665,    45.726,   -26.99,      0,   1
   -54.535,    45.242,   -92.68,      0,   1
   -49.216,    46.818,   -51.16,      0,   1
   -57.753,    44.683,   -41.13,      0,   1
   -53.883,    44.862,  -187.32,      0,   1
   -51.399,    46.565,   -63.23,      0,   1
   -60.274,    43.823,   -42.01,      0,   1
   -52.295,    45.102,   -63.39,      0,   1
   -55.463,    44.908,   -50.25,      0,   1
   -50.554,    43.675,    -3.71,      0,   1
   -51.107,    46.369,   -75.75,      0,   1
   -59.690,    49.488,  -142.07,      0,   1
   -51.907,    44.673,   -50.21,      0,   1
   -60.040,    48.653,  -228.38,      0,   1
   -50.139,    46.311,   -58.40,      0,   1
   -59.738,    49.324,  -122.37,      0,   1
   -50.192,    43.734,   -18.52,      0,   1
   -59.948,    49.395,  -103.74,      0,   1
   -46.004,    45.071,   -28.95,     -3,   1
   -59.779,    49.527,  -106.08,      0,   1
   -50.264,    46.365,   -34.69,      0,   1
   -59.728,    49.455,  -143.44,      0,   1
   -51.694,    43.602,    -3.55,      0,   1
   -59.824,    49.452,  -147.34,      0,   1
   -50.807,    45.458,   -31.01,      0,   1
   -59.594,    49.399,   -22.56,      0,   1
   -48.816,    46.528,   -39.78,      0,   1
   -59.490,    49.102,   -72.64,      0,   1
   -50.403,    44.510,   -35.62,      0,   1
   -59.961,    49.179,    -4.39,      0,   1
   -50.948,    46.010,   -69.47,      0,   1
   -57.914,    47.270,    -6.09,      0,   1
   -50.132,    43.709,    -6.73,      0,   1
   -50.076,    45.409,   -10.51,      0,   1
   -52.128,    44.641,   -46.49,      0,   1
   -52.960,    45.098,   -71.94,      0,   1
   -59.684,    49.256,   -78.35,      0,   1
   -50.657,    46.230,   -21.31,      0,   1
   -59.446,    49.833,   -29.15,      0,   1
   -53.914,    45.089,    -1.74,      0,   1
   -59.714,    49.241,   -64.74,      0,   1
   -51.256,    46.903,   -70.77,      0,   1
   -59.626,    49.164,   -50.61,      0,   1
   -50.510,    45.305,   -36.07,      0,   1
   -59.501,    48.602,  -120.33,      0,   1
   -51.311,    47.016,   -75.22,      0,   1
   -57.781,    50.505,  -115.29,      0,   1
   -62.621,    43.171,   -49.43,      0,   1
   -59.910,    49.299,   -49.06,      0,   1
   -50.495,    44.030,   -45.84,      0,   1
   -59.729,    49.240,   -86.04,      0,   1
   -49.981,    43.036,    -4.57,      0,   1
   -59.742,    49.358,  -141.24,      0,   1
   -50.124,    45.934,   -16.43,      0,   1
   -48.693,    46.404,   -22.03,      0,   1
   -56.878,    44.441,    -2.92,      0,   1
   -50.401,    43.885,    -5.27,      0,   1
   -55.266,    46.877,   -22.19,      0,   1
   -55.066,    47.047,   -48.69,      0,   1
   -54.186,    45.518,   -25.48,      0,   1
   -53.911,    46.026,   -85.42,      0,   1
   -50.471,    44.981,    -6.97,      0,   1
   -55.891,    46.624,   -32.59,      0,   1
   -54.920,    47.090,   -20.79,      0,   1
   -55.555,    46.288,    -4.02,      0,   1
   -55.855,    46.274,    -6.09,      0,   1
   -52.224,    45.423,   -57.61,      0,   1
   -66.733,    44.000,   -25.96,      0,   1
   -63.804,    40.657,    -5.64,      0,   1
   -63.274,    41.893,   -11.57,      0,   1
   -62.788,    41.001,   -42.88,      0,   1
   -61.894,    39.413,   -11.83,      0,   1
   -62.816,    44.002,   -40.88,      0,   1
   -63.285,    39.793,   -73.70,      0,   1
   -61.205,    44.184,   -80.18,      0,   1
   -67.414,    42.995,   -13.29,      0,   1
   -58.178,    41.697,    -2.50,      0,   1
   -63.697,    41.541,    -4.95,      0,   1
   -63.219,    43.972,   -50.88,      0,   1
   -66.927,    43.515,  -168.92,      0,   1
   -66.540,    42.552,   -14.36,      0,   1
   -66.272,    42.766,   -10.30,      0,   1
   -55.745,    41.844,   -13.64,      0,   1
   -69.167,    41.963,    -2.95,      0,   1
   -64.827,    41.370,   -65.21,      0,   1
   -67.393,    44.110,   -45.89,      0,   1
   -63.755,    41.882,   -24.65,      0,   1
   -61.128,    42.250,   -16.06,      0,   1
   -68.196,    41.882,  -135.49,      0,   1
   -66.964,    43.461,  -112.33,      0,   1
   -65.654,    42.468,  -114.70,      0,   1
   -59.696,    42.227,   -41.99,      0,   1
   -70.655,    41.101,    -0.71,     -3,   1
   -70.677,    41.140,    -0.78,     -3,   1
   -70.692,    41.169,    -1.11,     -3,   1
   -67.130,    39.215,  -143.22,      0,   1
   -61.477,    42.581,   -36.18,      0,   1
   -59.992,    47.376,  -126.76,      0,   1
   -61.517,    46.835,   -49.47,      0,   1
   -59.623,    45.671,   -61.03,      0,   1
   -62.765,    40.810,   -37.33,      0,   1
   -59.662,    47.450,  -154.42,      0,   1
   -56.263,    43.788,   -14.82,      0,   1
   -58.000,    45.110,   -18.16,      0,   1
   -55.837,    43.008,   -72.84,      0,   1
   -59.156,    44.812,   -57.62,      0,   1
   -59.971,    45.087,  -110.30,      0,   1
   -59.602,    45.693,   -51.69,      0,   1
   -60.908,    47.437,   -18.32,      0,   1
   -61.124,    48.319,   -19.13,      0,   1
   -61.640,    48.136,   -21.74,      0,   1
   -60.591,    44.553,   -73.89,      0,   1
   -59.900,    49.113,   -22.97,      0,   1
   -59.111,    46.036,   -75.80,      0,   1
   -59.645,    45.946,   -49.58,      0,   1
   -60.764,    47.587,    -6.66,      0,   1
   -59.614,    48.887,   -60.59,      0,   1
   -59.947,    47.604,   -99.57,      0,   1
   -56.661,    39.968,    -1.52,     -3,   1
   -58.840,    44.853,   -13.31,      0,   1
   -60.129,    47.943,   -61.83,      0,   1
   -62.500,    40.918,    -7.82,      0,   1
   -60.041,    48.180,   -72.00,      0,   1
   -60.777,    47.065,   -67.44,      0,   1
   -62.124,    42.783,   -35.41,      0,   1
   -64.397,    40.538,   -48.71,      0,   1
   -59.487,    48.161,    -2.96,      0,   1
   -60.304,    46.975,   -87.23,      0,   1
   -60.194,    47.885,   -62.89,      0,   1
   -59.203,    42.085,   -33.75,      0,   1
   -61.076,    46.809,   -25.77,      0,   1
   -56.612,    43.663,   -65.97,      0,   1
   -59.498,    45.996,   -13.20,      0,   1
   -61.911,    46.151,    -6.94,      0,   1
   -59.535,    48.617,  -129.37,      0,   1
   -59.997,    46.868,  -118.24,      0,   1
   -59.691,    47.523,  -128.75,      0,   1
   -61.816,    43.131,   -12.32,      0,   1
   -59.975,    48.947,  -135.86,      0,   1
   -59.251,    48.109,   -24.03,      0,   1
   -59.365,    48.888,   -37.28,      0,   1
   -57.284,    46.954,   -19.43,      0,   1
   -59.857,    48.292,  -141.00,      0,   1
   -57.962,    50.874,   -20.51,      0,   1
   -59.917,    48.805,  -215.15,      0,   1
   -57.293,    50.881,    -0.37,      0,   1
   -57.410,    50.787,   -17.54,      0,   1
   -61.852,    48.165,    -4.83,      0,   1
   -59.460,    49.453,  -176.80,      0,   1
   -59.477,    48.866,   -19.54,      0,   1
   -59.686,    49.117,  -119.83,      0,   1
   -59.969,    49.356,  -115.63,      0,   1
   -59.420,    49.652,  -174.25,      0,   1
   -60.880,    48.961,   -89.70,      0,   1
   -59.888,    49.288,  -165.72,      0,   1
   -58.551,    47.193,    -5.24,      0,   1
   -58.558,    49.754,   -13.87,      0,   1
   -58.027,    47.346,   -20.64,      0,   1
   -59.798,    49.609,  -102.21,      0,   1
   -61.954,    48.833,   -31.57,      0,   1
   -61.509,    48.780,   -19.71,      0,   1
   -59.406,    49.411,   -50.33,      0,   1
   -59.165,    49.503,   -61.32,      0,   1
   -60.110,    45.407,    -3.94,      0,   1
   -60.444,    47.690,   -67.90,      0,   1
   -59.308,    49.396,  -151.29,      0,   1
   -55.071,    46.304,   -37.34,      0,   1
   -55.429,    46.579,   -35.38,      0,   1
   -55.797,    46.383,   -87.31,      0,   1
   -54.146,    47.339,   -11.52,      0,   1
   -55.186,    46.205,  -152.91,      0,   1
   -52.495,    46.260,    -3.59,      0,   1
   -51.017,    43.768,    -8.66,      0,   1
   -50.779,    46.741,   -32.38,      0,   1
   -51.123,    45.261,   -52.92,      0,   1
   -51.353,    43.539,   -68.86,      0,   1
   -51.608,    44.269,   -18.17,      0,   1
   -53.014,    43.342,    -3.35,      0,   1
   -62.227,    42.725,  -275.75,      0,   1
   -50.114,    43.161,    -7.70,      0,   1
   -49.718,    45.367,   -45.39,      0,   1
   -55.944,    44.488,    -0.91,      0,   1
   -50.128,    44.630,   -25.43,      0,   1
   -55.855,    45.054,  -125.18,      0,   1
   -51.825,    45.085,   -16.80,      0,   1
   -52.031,    42.064,    -3.96,      0,   1
   -58.482,    42.146,    -7.43,      0,   1
   -61.177,    43.465,   -87.66,      0,   1
   -57.208,    45.374,   -75.85,      0,   1
   -59.690,    44.576,   -56.96,      0,   1
   -59.461,    43.769,  -233.81,      0,   1
   -51.423,    44.946,   -48.58,      0,   1
   -56.164,    47.486,   -27.40,      0,   1
   -54.505,    45.010,   -40.71,      0,   1
   -49.417,    44.479,   -68.52,      0,   1
   -53.025,    44.945,   -38.08,      0,   1
   -49.463,    44.064,   -84.19,      0,   1
   -52.014,    45.008,   -60.55,      0,   1
   -60.035,    48.801,  -206.22,      0,   1
   -51.568,    45.987,   -47.79,      0,   1
   -59.724,    49.305,   -67.84,      0,   1
   -52.180,    45.772,    -3.86,      0,   1
   -59.727,    49.482,  -132.35,      0,   1
   -50.090,    43.941,   -14.12,      0,   1
   -59.691,    49.263,  -113.55,      0,   1
   -51.251,    46.390,   -61.39,      0,   1
   -59.949,    49.405,  -115.20,      0,   1
   -52.080,    46.416,   -36.04,      0,   1
   -59.538,    49.426,   -83.22,      0,   1
   -50.725,    46.467,   -32.05,      0,   1
   -59.496,    45.955,   -39.87,      0,   1
   -51.031,    44.156,   -51.75,      0,   1
   -60.175,    48.004,   -43.07,      0,   1
   -50.153,    45.764,   -57.69,      0,   1
   -59.811,    49.200,  -124.11,      0,   1
   -51.425,    45.077,    -4.79,      0,   1
   -60.064,    49.503,   -44.87,      0,   1
   -51.676,    46.431,   -66.53,      0,   1
   -50.504,    44.024,   -42.83,      0,   1
   -51.154,    44.220,   -11.99,      0,   1
   -52.745,    44.986,   -60.04,      0,   1
   -59.831,    48.316,  -231.37,      0,   1
   -49.421,    45.269,   -31.91,      0,   1
   -59.581,    49.210,   -35.30,      0,   1
   -52.753,    45.161,   -19.68,      0,   1
   -59.877,    48.778,   -51.25,      0,   1
   -51.438,    44.249,   -62.72,      0,   1
   -59.472,    49.237,   -43.36,      0,   1
   -52.636,    46.704,   -24.85,      0,   1
   -60.116,    48.677,  -225.34,      0,   1
   -50.900,    43.411,   -44.30,      0,   1
   -58.077,    50.291,  -116.64,      0,   1
   -52.514,    46.822,   -29.18,      0,   1
   -59.716,    49.286,  -103.57,      0,   1
   -50.363,    47.196,   -55.11,      0,   1
   -56.968,    51.342,   -24.71,      0,   1
   -51.918,    46.184,   -51.41,      0,   1
   -59.803,    49.362,  -125.22,      0,   1
   -50.828,    45.050,   -47.79,      0,   1
   -56.994,    44.719,   -16.06,      0,   1
   -54.660,    47.024,  -115.43,      0,   1
   -52.411,    46.557,   -47.97,      0,   1
   -50.370,    46.144,   -35.35,      0,   1
   -55.099,    47.077,   -19.60,      0,   1
   -55.055,    47.138,   -22.88,      0,   1
   -54.542,    47.204,   -10.60,      0,   1
   -54.125,    47.366,    -8.55,      0,   1
   -57.332,    51.091,   -26.27,      0,   1
   -54.336,    47.302,   -37.12,      0,   1
   -55.375,    46.264,   -40.07,      0,   1
   -55.399,    46.314,  -122.37,      0,   1
   -60.294,    47.013,   -18.45,      0,   1
   -48.591,    44.456,    -6.69,      0,   1
   -63.251,    40.634,   -96.16,      0,   1
   -62.547,    41.179,   -24.57,      0,   1
   -59.861,    42.209,    -7.85,      0,   1
   -60.350,    42.215,    -6.81,      0,   1
   -62.214,    40.777,    -0.51,      0,   1
   -63.295,    40.623,  -110.72,      0,   1
   -62.924,    40.840,   -38.21,      0,   1
   -67.400,    42.699,  -195.97,      0,   1
   -64.426,    43.198,   -90.28,      0,   1
   -63.428,    40.357,  -125.54,      0,   1
   -64.890,    40.419,    -4.66,      0,   1
   -63.397,    40.419,  -113.69,      0,   1
   -61.507,    39.481,   -20.43,      0,   1
   -62.737,    40.967,   -25.66,      0,   1
   -62.046,    39.593,   -16.95,      0,   1
   -65.567,    40.904,   -43.59,      0,   1
   -64.765,    43.144,   -70.32,      0,   1
   -63.432,    40.606,    -4.22,      0,   1
   -62.972,    40.243,    -2.20,      0,   1
   -67.083,    41.869,    -4.53,      0,   1
   -62.941,    40.784,   -34.87,      0,   1
   -67.727,    42.160,    -3.68,      0,   1
   -62.409,    39.736,    -1.05,      0,   1
   -67.323,    42.190,   -74.27,      0,   1
   -63.225,    40.716,   -73.22,      0,   1
   -68.831,    42.356,    -3.27,      0,   1
   -66.610,    43.728,   -24.71,      0,   1
   -60.820,    41.125,   -17.38,      0,   1
   -66.598,    39.784,    -2.25,      0,   1
   -67.416,    42.792,  -185.98,      0,   1
   -66.435,    43.654,   -31.34,      0,   1
   -70.675,    41.136,    -1.17,     -3,   1
   -70.696,    41.176,    -1.77,     -3,   1
   -65.245,    40.623,    -9.73,      0,   1
   -67.152,    44.183,   -38.24,      0,   1
   -63.184,    39.925,   -20.42,      0,   1
   -70.643,    41.079,    -1.25,     -3,   1
   -67.179,    44.098,   -45.34,      0,   1
   -67.206,    43.638,  -123.98,      0,   1
   -63.522,    40.261,  -197.50,      0,   1
   -67.355,    43.761,   -54.88,      0,   1
   -63.089,    40.485,    -9.71,      0,   1
   -65.237,    40.940,   -16.79,      0,   1
   -63.730,    41.502,   -11.92,      0,   1
   -62.761,    39.724,   -24.36,      0,   1
   -59.273,    41.572,    -0.56,      0,   1
   -65.736,    41.511,  -136.72,      0,   1
   -62.574,    39.616,   -24.36,      0,   1
   -63.254,    40.673,  -139.47,      0,   1
   -63.519,    41.545,    -9.46,      0,   1
   -59.887,    42.055,    -9.31,      0,   1
   -66.855,    43.623,  -109.20,      0,   1
   -65.308,    40.647,    -5.04,      0,   1
   -62.837,    43.483,   -56.30,      0,   1
   -62.983,    41.724,    -3.38,      0,   1
   -56.339,    41.995,   -27.38,      0,   1
   -62.959,    42.082,    -6.57,      0,   1
   -59.877,    42.226,    -5.74,      0,   1
   -62.089,    39.561,   -27.20,      0,   1
   -67.426,    43.503,   -92.15,      0,   1
   -60.319,    41.868,    -6.02,      0,   1
   -59.290,    42.007,   -42.99,      0,   1
   -56.233,    41.983,   -33.30,      0,   1
   -65.676,    41.789,    -1.42,      0,   1
   -62.363,    39.603,    -1.73,      0,   1
   -67.614,    42.290,  -111.64,      0,   1
   -67.422,    42.541,  -207.29,      0,   1
   -63.683,    41.748,   -18.12,      0,   1
   -63.762,    41.013,    -2.50,      0,   1
   -63.166,    40.666,   -64.52,      0,   1
   -62.895,    40.796,   -31.76,      0,   1
   -61.856,    41.059,    -7.52,      0,   1
   -63.531,    42.806,  -380.12,      0,   1
   -66.433,    43.791,   -70.17,      0,   1
   -67.870,    43.845,  -147.47,      0,   1
   -66.943,    42.530,   -17.37,      0,   1
   -66.425,    42.527,   -33.99,      0,   1
   -60.198,    45.596,   -27.24,      0,   1
   -62.849,    43.137,    -7.83,      0,   1
   -58.474,    46.453,    -3.77,      0,   1
   -62.259,    42.017,   -11.53,      0,   1
   -59.764,    47.112,  -300.08,      0,   1
   -52.488,    42.287,    -3.45,      0,   1
   -63.078,    40.228,   -20.87,      0,   1
   -58.050,    47.120,   -13.49,      0,   1
   -67.612,    42.397,  -111.72,      0,   1
   -59.228,    45.260,   -41.32,      0,   1
   -69.930,    39.753,  -960.77,     -3,   1
   -67.194,    42.489,  -125.04,      0,   1
   -59.707,    48.754,   -16.41,      0,   1
   -61.788,    45.875,   -19.97,      0,   1
   -67.617,    42.719,  -161.21,      0,   1
   -48.587,    44.740,    -2.34,      0,   1
   -60.975,    41.268,   -25.57,      0,   1
   -67.535,    43.219,  -161.44,      0,   1
   -60.395,    47.393,  -139.96,      0,   1
   -60.006,    46.655,   -28.19,      0,   1
   -67.237,    42.474,  -138.83,      0,   1
   -59.514,    48.253,   -13.89,      0,   1
   -70.621,    41.037,    -1.50,     -3,   1
   -62.104,    46.299,   -27.39,      0,   1
   -58.987,    41.960,    -4.97,      0,   1
   -59.600,    48.607,  -150.69,      0,   1
   -66.816,    43.772,   -70.34,      0,   1
   -54.021,    41.800,   -42.35,      0,   1
   -60.131,    47.276,   -30.49,      0,   1
   -67.415,    42.530,  -191.68,      0,   1
   -59.830,    47.231,  -316.17,      0,   1
   -58.725,    42.455,    -0.59,      0,   1
   -63.008,    40.254,    -9.88,      0,   1
   -60.692,    46.904,   -32.42,      0,   1
   -67.344,    43.249,  -170.04,      0,   1
   -59.791,    47.330,  -101.54,      0,   1
   -59.795,    47.022,  -255.13,      0,   1
   -66.485,    44.258,   -82.80,      0,   1
   -60.274,    46.550,    -9.95,      0,   1
   -60.419,    47.788,   -30.60,      0,   1
   -59.388,    49.953,    -6.09,      0,   1
   -59.485,    48.552,  -113.93,      0,   1
   -57.189,    50.906,   -11.36,      0,   1
   -61.574,    48.817,    -7.01,      0,   1
   -59.976,    47.383,   -63.87,      0,   1
   -59.668,    49.031,   -19.51,      0,   1
   -58.276,    47.444,   -17.74,      0,   1
   -60.029,    48.676,  -234.03,      0,   1
   -57.766,    47.064,   -17.30,      0,   1
   -58.773,    50.277,  -144.55,      0,   1
   -59.704,    49.198,  -117.42,      0,   1
   -59.488,    50.081,    -8.89,      0,   1
   -61.017,    47.558,    -4.60,      0,   1
   -58.984,    48.381,    -1.08,      0,   1
   -59.726,    49.190,  -196.21,      0,   1
   -59.764,    49.225,   -77.04,      0,   1
   -59.741,    48.229,  -213.11,      0,   1
   -60.837,    49.000,   -87.12,      0,   1
   -59.394,    49.310,   -53.30,      0,   1
   -59.891,    47.383,  -181.75,      0,   1
   -59.340,    45.811,   -24.80,      0,   1
   -57.366,    46.357,   -30.65,      0,   1
   -55.844,    45.573,    -3.78,      0,   1
   -53.954,    46.598,    -2.76,      0,   1
   -48.353,    46.039,   -31.31,      0,   1
   -51.136,    46.681,   -62.45,      0,   1
   -57.857,    43.902,   -31.42,      0,   1
   -54.604,    40.626,    -2.45,     -3,   1
   -49.792,    47.219,   -30.02,      0,   1
   -49.929,    43.644,   -11.31,      0,   1
   -50.898,    44.095,   -19.17,      0,   1
   -53.910,    46.021,   -45.65,      0,   1
   -50.022,    43.807,    -7.18,      0,   1
   -51.064,    46.776,   -62.48,      0,   1
   -51.045,    46.803,   -60.82,      0,   1
   -49.969,    47.180,   -51.28,      0,   1
   -49.874,    43.894,   -39.06,      0,   1
   -51.103,    44.941,   -21.18,      0,   1
   -53.057,    45.167,   -76.07,      0,   1
   -52.374,    44.009,   -15.09,      0,   1
   -51.930,    46.313,   -63.55,      0,   1
   -50.731,    46.605,   -46.39,      0,   1
   -54.186,    45.873,   -56.02,      0,   1
   -51.817,    45.588,   -10.29,      0,   1
   -60.976,    43.587,   -27.25,      0,   1
   -50.247,    44.131,   -43.42,      0,   1
   -52.856,    45.214,    -9.51,      0,   1
   -55.034,    46.146,  -124.04,      0,   1
   -59.364,    43.903,  -165.67,      0,   1
   -51.399,    43.682,   -47.23,      0,   1
   -59.036,    44.080,  -286.41,      0,   1
   -51.880,    46.617,   -18.53,      0,   1
   -54.880,    45.063,   -44.67,      0,   1
   -52.310,    43.956,   -19.67,      0,   1
   -49.048,    45.272,   -20.69,      0,   1
   -50.605,    46.306,   -68.71,      0,   1
   -59.970,    48.838,  -200.95,      0,   1
   -46.137,    45.301,    -1.77,     -3,   1
   -60.078,    48.920,  -142.31,      0,   1
   -50.385,    46.326,   -60.17,      0,   1
   -59.997,    49.326,   -66.40,      0,   1
   -52.684,    44.975,   -70.36,      0,   1
   -57.975,    50.593,   -56.75,      0,   1
   -51.909,    43.473,    -5.85,      0,   1
   -59.681,    49.570,   -82.67,      0,   1
   -50.173,    46.258,   -53.37,      0,   1
   -59.687,    49.298,  -111.31,      0,   1
   -51.978,    45.034,   -40.32,      0,   1
   -59.883,    49.356,  -105.92,      0,   1
   -53.654,    46.225,   -46.65,      0,   1
   -60.056,    49.309,   -82.72,      0,   1
   -45.963,    44.999,   -36.07,     -3,   1
   -59.721,    48.831,   -15.77,      0,   1
   -50.845,    42.921,    -0.87,      0,   1
   -59.523,    49.755,   -23.80,      0,   1
   -51.087,    45.753,   -70.23,      0,   1
   -50.507,    44.019,   -39.91,      0,   1
   -50.263,    46.474,   -71.18,      0,   1
   -49.655,    44.286,   -45.47,      0,   1
   -48.334,    46.451,   -18.75,      0,   1
   -59.724,    49.855,   -45.26,      0,   1
   -53.356,    46.423,   -73.21,      0,   1
   -58.931,    49.895,  -115.72,      0,   1
   -49.569,    43.851,   -80.20,      0,   1
   -59.365,    49.366,   -32.68,      0,   1
   -53.154,    44.774,   -86.36,      0,   1
   -59.581,    49.423,   -79.95,      0,   1
   -48.559,    47.230,   -37.81,      0,   1
   -59.617,    49.183,   -50.74,      0,   1
   -50.101,    46.256,   -33.05,      0,   1
   -59.946,    49.300,   -56.38,      0,   1
   -50.287,    46.806,   -52.51,      0,   1
   -59.638,    49.820,   -45.92,      0,   1
   -52.822,    45.021,   -57.48,      0,   1
   -57.809,    50.525,  -105.05,      0,   1
   -50.409,    46.011,   -39.43,      0,   1
   -59.664,    48.449,   -83.03,      0,   1
   -52.436,    42.690,    -8.59,      0,   1
   -51.412,    45.040,   -29.05,      0,   1
   -54.454,    44.838,   -57.29,      0,   1
   -54.459,    47.097,   -97.65,      0,   1
   -55.143,    46.199,  -155.27,      0,   1
   -55.180,    45.836,    -7.33,      0,   1
   -49.811,    43.144,    -4.03,      0,   1
   -55.262,    46.279,   -97.81,      0,   1
   -54.576,    47.239,   -24.47,      0,   1
   -54.181,    46.455,   -62.55,      0,   1
   -59.113,    49.403,   -18.08,      0,   1
   -54.292,    47.329,   -30.15,      0,   1
   -54.066,    47.127,   -22.76,      0,   1
   -54.055,    47.443,   -18.70,      0,   1
   -49.462,    46.863,   -41.72,      0,   1
   -64.218,    40.830,    -5.68,      0,   1
   -66.865,    43.733,   -97.34,      0,   1
   -67.379,    42.473,  -209.08,      0,   1
   -62.641,    40.334,    -7.06,      0,   1
   -63.466,    40.266,  -103.82,      0,   1
   -56.178,    41.903,   -33.91,      0,   1
   -59.897,    42.036,    -6.47,      0,   1
   -62.442,    41.197,   -18.81,      0,   1
   -62.223,    44.141,   -56.16,      0,   1
   -65.678,    41.513,    -2.60,      0,   1
   -62.232,    39.379,   -40.01,      0,   1
   -64.524,    43.138,   -87.40,      0,   1
   -61.502,    41.533,   -58.15,      0,   1
   -60.113,    44.422,   -40.29,      0,   1
   -60.548,    43.020,    -3.53,      0,   1
   -57.332,    41.064,    -2.40,      0,   1
   -68.673,    41.792,   -51.29,      0,   1
   -66.165,    42.414,   -51.06,      0,   1
   -61.672,    39.711,    -9.52,      0,   1
   -68.914,    43.590,   -77.79,      0,   1
   -62.086,    42.040,    -1.73,      0,   1
   -70.104,    41.087,    -2.67,      0,   1
   -68.061,    42.015,    -8.88,      0,   1
   -65.412,    40.673,   -43.64,      0,   1
   -70.778,    41.326,    -1.93,     -3,   1
   -70.667,    41.123,    -1.68,     -3,   1
   -70.645,    41.082,    -0.71,     -3,   1
   -70.760,    41.293,    -2.61,     -3,   1
   -63.274,    39.890,   -32.92,      0,   1
   -60.454,    41.785,    -3.77,      0,   1
   -59.487,    45.817,   -13.31,      0,   1
   -61.784,    43.168,   -12.40,      0,   1
   -59.794,    47.026,  -238.70,      0,   1
   -59.563,    40.014,   -48.01,      0,   1
   -59.717,    45.964,   -28.99,      0,   1
   -57.313,    45.550,   -31.43,      0,   1
   -57.336,    45.240,  -167.02,      0,   1
   -59.657,    46.954,  -184.33,      0,   1
   -60.397,    47.799,   -55.14,      0,   1
   -60.077,    44.425,   -91.56,      0,   1
   -57.816,    44.283,    -3.72,      0,   1
   -55.903,    44.439,    -7.17,      0,   1
   -60.358,    48.115,  -202.68,      0,   1
   -53.398,    44.906,   -23.13,      0,   1
   -59.613,    45.879,   -61.41,      0,   1
   -60.810,    47.548,   -33.04,      0,   1
   -60.487,    47.281,  -117.87,      0,   1
   -61.320,    48.053,   -40.98,      0,   1
   -58.368,    45.212,   -15.33,      0,   1
   -60.590,    48.566,  -142.30,      0,   1
   -59.934,    48.848,  -207.04,      0,   1
   -68.445,    41.433,   -50.53,      0,   1
   -60.419,    48.379,   -42.53,      0,   1
   -60.020,    47.419,  -122.29,      0,   1
   -67.348,    43.753,   -61.58,      0,   1
   -59.927,    47.120,   -82.32,      0,   1
   -60.764,    47.158,   -74.36,      0,   1
   -60.479,    48.146,   -14.52,      0,   1
   -69.036,    41.728,  -110.43,      0,   1
   -59.782,    48.491,  -195.89,      0,   1
   -61.308,    46.807,   -25.22,      0,   1
   -60.186,    48.291,   -20.87,      0,   1
   -63.371,    45.975,   -12.54,      0,   1
   -59.660,    48.282,  -174.87,      0,   1
   -60.475,    44.986,    -8.55,      0,   1
   -61.834,    46.043,   -12.70,      0,   1
   -56.474,    47.368,   -16.08,      0,   1
   -53.385,    46.381,    -0.96,      0,   1
   -57.470,    47.419,   -44.96,      0,   1
   -60.216,    47.668,  -111.74,      0,   1
   -59.970,    47.371,  -285.41,      0,   1
   -57.471,    46.891,   -16.90,      0,   1
   -59.796,    46.804,  -136.15,      0,   1
   -59.904,    48.319,  -131.19,      0,   1
   -59.930,    48.878,   -97.17,      0,   1
   -60.031,    47.541,  -134.52,      0,   1
   -57.692,    47.003,   -18.14,      0,   1
   -60.592,    47.547,    -8.15,      0,   1
   -59.737,    49.033,   -39.08,      0,   1
   -60.353,    47.643,  -114.45,      0,   1
   -59.469,    48.299,    -5.29,      0,   1
   -60.706,    47.438,   -48.68,      0,   1
   -59.858,    47.720,   -48.06,      0,   1
   -59.716,    49.198,  -164.05,      0,   1
   -60.061,    48.693,  -226.80,      0,   1
   -60.011,    48.927,  -204.15,      0,   1
   -55.436,    51.627,    -6.02,      0,   1
   -61.870,    49.403,   -62.52,      0,   1
   -59.448,    49.349,   -91.91,      0,   1
   -60.160,    48.891,  -202.21,      0,   1
   -60.170,    48.959,  -186.47,      0,   1
   -59.823,    49.332,  -114.88,      0,   1
   -58.924,    49.018,   -10.86,      0,   1
   -58.439,    50.603,   -99.44,      0,   1
   -54.701,    47.057,   -10.07,      0,   1
   -54.946,    47.127,   -13.19,      0,   1
   -53.975,    46.230,   -65.72,      0,   1
   -54.327,    47.324,   -36.73,      0,   1
   -54.746,    47.207,   -20.35,      0,   1
   -51.133,    41.721,   -86.38,     -3,   1
   -49.629,    42.190,   -10.54,     -3,   1
   -52.706,    42.402,  -187.83,      0,   1
   -48.720,    44.186,    -3.11,      0,   1
   -51.863,    46.240,   -16.57,      0,   1
   -51.486,    46.304,   -32.63,      0,   1
   -50.267,    44.448,   -21.24,      0,   1
   -50.510,    45.472,    -8.25,      0,   1
   -50.391,    46.065,   -28.26,      0,   1
   -50.181,    46.152,   -27.41,      0,   1
   -50.541,    44.083,   -24.86,      0,   1
   -49.569,    44.656,   -55.29,      0,   1
   -50.827,    46.232,   -55.63,      0,   1
   -57.419,    47.407,   -64.76,      0,   1
   -51.374,    46.956,   -82.12,      0,   1
   -51.062,    41.744,    -6.29,     -3,   1
   -53.633,    45.394,    -0.87,      0,   1
   -58.637,    44.130,  -275.85,      0,   1
   -62.376,    43.205,   -57.08,      0,   1
   -58.255,    47.022,  -167.83,      0,   1
   -51.287,    46.263,   -50.03,      0,   1
   -55.827,    44.169,   -19.58,      0,   1
   -50.739,    43.983,   -17.14,      0,   1
   -61.471,    43.206,  -211.95,      0,   1
   -50.765,    46.437,   -28.27,      0,   1
   -53.401,    44.799,   -99.27,      0,   1
   -52.064,    46.082,   -74.29,      0,   1
   -52.561,    46.241,    -5.67,      0,   1
   -49.748,    43.609,   -82.57,      0,   1
   -59.160,    46.008,   -46.23,      0,   1
   -50.212,    47.076,   -45.77,      0,   1
   -60.099,    49.313,   -61.50,      0,   1
   -49.672,    46.957,   -37.24,      0,   1
   -58.787,    49.486,   -93.41,      0,   1
   -52.102,    44.967,   -37.87,      0,   1
   -57.650,    50.695,   -57.15,      0,   1
   -50.369,    46.047,   -21.57,      0,   1
   -59.878,    49.379,  -123.27,      0,   1
   -50.191,    45.939,   -48.91,      0,   1
   -59.702,    49.358,   -34.67,      0,   1
   -45.669,    44.485,   -49.02,     -3,   1
   -59.874,    49.293,   -76.49,      0,   1
   -54.981,    44.155,    -9.15,      0,   1
   -57.902,    47.428,    -8.80,      0,   1
   -52.007,    43.736,   -15.98,      0,   1
   -59.881,    48.902,   -38.49,      0,   1
   -51.382,    46.787,   -58.65,      0,   1
   -59.893,    48.780,   -62.11,      0,   1
   -51.195,    44.544,   -38.92,      0,   1
   -51.117,    43.801,   -11.35,      0,   1
   -49.357,    45.619,    -4.07,      0,   1
   -49.898,    43.823,    -4.91,      0,   1
   -58.962,    50.425,   -43.21,      0,   1
   -50.684,    45.252,   -28.67,      0,   1
   -58.382,    50.832,   -44.46,      0,   1
   -49.541,    46.658,   -16.30,      0,   1
   -59.723,    49.338,  -123.90,      0,   1
   -54.463,    47.256,   -52.38,      0,   1
   -59.798,    49.282,   -60.02,      0,   1
   -52.052,    44.763,   -25.03,      0,   1
   -60.179,    48.031,    -5.32,      0,   1
   -52.754,    45.054,   -56.57,      0,   1
   -58.091,    50.335,  -140.88,      0,   1
   -50.409,    46.772,   -45.12,      0,   1
   -59.512,    49.464,  -168.08,      0,   1
   -51.555,    45.886,   -13.49,      0,   1
   -59.627,    49.730,   -77.07,      0,   1
   -51.442,    46.933,   -60.25,      0,   1
   -60.183,    48.682,  -210.17,      0,   1
   -51.244,    46.649,   -27.14,      0,   1
   -49.567,    44.801,   -28.61,      0,   1
   -51.351,    46.224,   -50.86,      0,   1
   -55.088,    47.037,   -47.80,      0,   1
   -54.945,    47.144,   -50.40,      0,   1
   -54.212,    46.611,   -37.85,      0,   1
   -57.963,    50.871,   -89.19,      0,   1
   -54.740,    47.207,   -23.62,      0,   1
   -59.743,    49.318,   -97.69,      0,   1
   -53.861,    43.804,    -8.29,      0,   1
   -54.391,    47.437,   -25.72,      0,   1
   -54.572,    47.174,   -83.38,      0,   1
   -50.061,    45.414,   -14.07,      0,   1
   -51.187,    41.705,   -26.37,     -3,   1
   -67.204,    42.505,  -109.70,      0,   1
   -62.523,    39.418,   -71.95,      0,   1
   -66.599,    43.777,   -19.87,      0,   1
   -63.309,    41.761,   -12.22,      0,   1
   -56.445,    42.204,   -14.72,      0,   1
   -60.465,    40.907,    -5.99,      0,   1
   -64.861,    43.109,   -60.47,      0,   1
   -61.662,    43.677,   -58.51,      0,   1
   -64.444,    41.058,   -34.31,      0,   1
   -66.888,    41.768,    -1.90,      0,   1
   -63.113,    39.663,   -13.20,      0,   1
   -62.636,    39.686,   -21.30,      0,   1
   -62.423,    39.433,    -7.81,      0,   1
   -63.324,    40.561,  -147.75,      0,   1
   -64.456,    40.267,    -1.61,      0,   1
   -62.899,    43.417,   -97.87,      0,   1
   -60.920,    39.400,    -3.78,      0,   1
   -61.408,    41.350,    -8.25,      0,   1
   -62.932,    41.226,    -2.69,      0,   1
   -62.384,    43.902,   -39.04,      0,   1
   -55.489,    41.160,   -59.93,      0,   1
   -70.657,    42.608,   -24.20,      0,   1
   -67.809,    41.839,   -11.18,      0,   1
   -60.582,    42.218,    -8.70,      0,   1
   -64.066,    42.740,   -15.03,      0,   1
   -64.032,    41.816,   -22.84,      0,   1
   -64.589,    41.305,    -3.84,      0,   1
   -57.251,    41.521,   -27.94,      0,   1
   -67.084,    41.698,   -19.80,      0,   1
   -68.181,    43.412,  -152.39,      0,   1
   -68.486,    42.985,   -81.42,      0,   1
   -70.661,    41.111,    -0.31,     -3,   1
   -70.685,    41.155,    -0.87,     -3,   1
   -63.747,    40.219,    -0.67,      0,   1
   -65.518,    41.005,   -36.10,      0,   1
   -62.063,    41.901,    -8.48,      0,   1
   -70.636,    41.065,    -0.06,     -3,   1
   -63.177,    40.747,   -69.10,      0,   1
   -67.189,    43.402,  -157.42,      0,   1
   -65.385,    41.050,   -56.74,      0,   1
   -67.219,    43.387,  -162.02,      0,   1
   -63.004,    39.812,   -27.12,      0,   1
   -55.181,    40.442,   -10.84,     -3,   1
   -63.101,    39.830,    -8.26,      0,   1
   -67.407,    43.691,   -85.77,      0,   1
   -63.424,    40.390,   -84.11,      0,   1
   -64.913,    41.109,   -99.11,      0,   1
   -59.657,    42.591,   -11.44,      0,   1
   -67.225,    42.459,  -130.39,      0,   1
   -62.980,    39.947,   -24.67,      0,   1
   -55.483,    41.129,   -49.51,      0,   1
   -67.478,    42.463,   -34.89,      0,   1
   -62.647,    41.128,   -29.19,      0,   1
   -63.429,    40.324,  -134.44,      0,   1
   -61.842,    41.797,    -9.00,      0,   1
   -56.165,    41.998,   -31.59,      0,   1
   -62.861,    40.810,   -21.22,      0,   1
   -62.909,    40.978,   -54.73,      0,   1
   -60.125,    42.231,   -13.71,      0,   1
   -63.423,    40.361,  -119.90,      0,   1
   -67.496,    44.181,   -24.51,      0,   1
   -56.362,    42.371,   -18.79,      0,   1
   -62.556,    41.418,    -6.68,      0,   1
   -55.801,    41.650,   -24.84,      0,   1
   -64.432,    40.550,   -27.54,      0,   1
   -67.264,    43.616,  -139.06,      0,   1
   -67.459,    44.264,   -48.20,      0,   1
   -62.673,    39.617,    -3.59,      0,   1
   -67.678,    42.684,  -159.48,      0,   1
   -66.482,    44.025,   -68.65,      0,   1
   -65.237,    40.588,   -43.86,      0,   1
   -61.957,    41.743,    -3.40,      0,   1
   -63.219,    40.746,    -3.35,      0,   1
   -62.800,    40.487,    -7.48,      0,   1
   -59.286,    42.007,   -39.97,      0,   1
   -62.800,    39.846,    -6.06,      0,   1
   -67.268,    43.557,   -75.76,      0,   1
   -63.487,    41.349,    -6.76,      0,   1
   -59.515,    49.238,   -10.37,      0,   1
   -58.371,    41.896,   -16.08,      0,   1
   -59.780,    48.841,   -93.70,      0,   1
   -58.915,    40.706,    -7.15,      0,   1
   -69.808,    43.402,   -22.06,      0,   1
   -59.960,    47.191,  -141.88,      0,   1
   -66.684,    43.696,  -110.19,      0,   1
   -60.595,    47.981,   -19.43,      0,   1
   -67.245,    39.224,    -4.14,      0,   1
   -67.548,    43.203,  -165.36,      0,   1
   -59.431,    48.870,  -138.95,      0,   1
   -60.229,    47.458,  -106.18,      0,   1
   -67.585,    42.538,  -134.20,      0,   1
   -57.768,    46.631,    -2.67,      0,   1
   -59.196,    41.993,   -70.42,      0,   1
   -62.656,    40.993,   -27.29,      0,   1
   -59.991,    49.190,   -79.46,      0,   1
   -63.275,    45.875,    -2.91,      0,   1
   -66.776,    42.353,  -124.68,      0,   1
   -59.916,    46.531,   -55.48,      0,   1
   -61.899,    46.093,   -17.22,      0,   1
   -65.434,    45.266,    -3.07,      0,   1
   -60.411,    44.973,    -2.66,      0,   1
   -61.092,    41.904,   -28.36,      0,   1
   -57.646,    41.759,    -5.33,      0,   1
   -61.550,    46.284,   -14.25,      0,   1
   -65.979,    42.534,   -84.83,      0,   1
   -60.279,    45.573,   -23.97,      0,   1
   -61.364,    46.470,    -4.01,      0,   1
   -61.037,    39.542,   -42.70,      0,   1
   -60.679,    47.614,   -99.55,      0,   1
   -66.771,    43.526,  -138.73,      0,   1
   -59.883,    49.203,  -190.68,      0,   1
   -59.995,    48.845,  -147.16,      0,   1
   -66.131,    42.656,  -112.20,      0,   1
   -59.282,    45.334,    -6.37,      0,   1
   -59.842,    49.233,  -112.88,      0,   1
   -60.481,    48.036,   -88.24,      0,   1
   -60.386,    47.343,  -156.30,      0,   1
   -60.165,    49.997,   -37.15,      0,   1
   -61.713,    48.582,   -57.50,      0,   1
   -60.544,    47.401,   -11.72,      0,   1
   -59.945,    48.911,  -171.80,      0,   1
   -59.444,    48.924,   -16.13,      0,   1
   -58.578,    49.623,  -105.80,      0,   1
   -59.741,    49.659,   -33.00,      0,   1
   -60.211,    49.026,  -150.43,      0,   1
   -56.521,    47.384,   -26.78,      0,   1
   -58.257,    50.092,    -0.43,      0,   1
   -59.049,    50.013,  -206.22,      0,   1
   -60.033,    48.671,  -237.43,      0,   1
   -59.310,    48.170,   -76.77,      0,   1
   -59.652,    49.507,  -144.83,      0,   1
   -59.529,    49.616,  -151.90,      0,   1
   -59.434,    50.144,   -22.38,      0,   1
   -60.249,    49.055,  -115.12,      0,   1
   -59.633,    44.869,   -54.61,      0,   1
   -58.841,    49.548,   -35.90,      0,   1
   -51.065,    46.781,   -27.31,      0,   1
   -54.944,    47.150,   -50.04,      0,   1
   -54.040,    47.344,   -16.64,      0,   1
   -54.262,    47.399,   -27.10,      0,   1
   -54.734,    47.146,   -34.88,      0,   1
   -49.405,    46.854,   -34.97,      0,   1
   -53.876,    44.791,  -266.35,      0,   1
   -51.259,    47.039,   -88.57,      0,   1
   -48.119,    46.675,   -22.23,      0,   1
   -51.636,    44.577,   -50.14,      0,   1
   -50.353,    44.928,   -15.38,      0,   1
   -48.704,    46.839,   -32.98,      0,   1
   -50.912,    41.791,   -50.87,     -3,   1
   -51.237,    41.689,   -29.68,     -3,   1
   -51.387,    41.642,   -21.84,     -3,   1
   -51.633,    41.565,    -7.68,     -3,   1
   -51.204,    46.468,   -39.18,      0,   1
   -50.844,    43.725,   -26.90,      0,   1
   -51.361,    43.295,   -13.54,      0,   1
   -51.431,    44.645,   -20.82,      0,   1
   -52.939,    45.840,   -58.68,      0,   1
   -52.171,    45.974,   -77.65,      0,   1
   -53.131,    45.849,   -56.73,      0,   1
   -48.631,    44.854,    -5.02,      0,   1
   -53.382,    45.655,   -62.35,      0,   1
   -50.750,    44.420,   -49.87,      0,   1
   -51.154,    45.219,   -49.80,      0,   1
   -54.849,    45.327,   -83.24,      0,   1
   -54.231,    45.093,  -132.12,      0,   1
   -59.123,    44.915,   -23.64,      0,   1
   -59.242,    43.963,  -209.79,      0,   1
   -53.216,    44.550,    -7.78,      0,   1
   -50.061,    47.077,   -49.28,      0,   1
   -55.726,    44.832,   -46.73,      0,   1
   -50.967,    43.342,   -40.25,      0,   1
   -54.639,    45.848,   -19.40,      0,   1
   -55.514,    46.021,   -60.10,      0,   1
   -59.626,    49.351,   -35.45,      0,   1
   -50.527,    43.099,   -14.90,      0,   1
   -59.666,    49.466,  -142.31,      0,   1
   -50.545,    45.451,    -7.25,      0,   1
   -58.754,    50.220,  -138.23,      0,   1
   -50.316,    44.228,   -13.90,      0,   1
   -59.442,    49.204,  -166.92,      0,   1
   -52.205,    44.958,   -58.15,      0,   1
   -59.451,    48.996,   -10.48,      0,   1
   -45.547,    43.444,    -1.46,     -3,   1
   -59.747,    49.316,  -111.08,      0,   1
   -50.495,    46.404,   -61.89,      0,   1
   -58.513,    50.656,   -79.01,      0,   1
   -45.989,    45.044,   -31.82,     -3,   1
   -59.733,    49.330,  -130.53,      0,   1
   -50.851,    44.766,   -42.55,      0,   1
   -59.822,    49.125,   -24.48,      0,   1
   -49.730,    44.753,   -53.52,      0,   1
   -59.824,    49.341,   -28.56,      0,   1
   -51.403,    44.490,   -34.77,      0,   1
   -51.850,    46.584,   -39.76,      0,   1
   -50.494,    44.197,   -41.23,      0,   1
   -50.044,    46.315,   -41.94,      0,   1
   -49.666,    43.993,   -51.44,      0,   1
   -59.379,    49.265,   -49.17,      0,   1
   -49.428,    44.436,   -65.80,      0,   1
   -57.718,    50.369,   -72.95,      0,   1
   -54.518,    46.861,   -30.38,      0,   1
   -59.860,    49.300,   -74.74,      0,   1
   -58.999,    44.108,   -29.68,      0,   1
   -57.691,    50.389,   -72.58,      0,   1
   -54.511,    45.528,    -1.28,      0,   1
   -57.799,    50.354,   -84.87,      0,   1
   -50.627,    44.489,   -35.55,      0,   1
   -59.704,    49.470,  -109.83,      0,   1
   -53.971,    46.431,    -9.76,      0,   1
   -59.898,    48.308,   -55.09,      0,   1
   -49.459,    45.622,   -28.55,      0,   1
   -58.811,    50.150,  -171.76,      0,   1
   -50.194,    46.668,   -52.70,      0,   1
   -60.309,    47.762,   -31.74,      0,   1
   -50.881,    45.688,   -57.08,      0,   1
   -56.562,    45.057,    -2.50,      0,   1
   -54.226,    47.307,    -1.29,      0,   1
   -54.187,    44.541,    -0.98,      0,   1
   -54.829,    47.092,   -79.07,      0,   1
   -59.574,    48.502,  -141.98,      0,   1
   -56.045,    46.384,   -15.14,      0,   1
   -50.937,    46.746,   -47.53,      0,   1
   -59.193,    43.912,   -26.67,      0,   1
   -55.258,    46.173,   -58.78,      0,   1
   -47.838,    46.172,    -5.14,      0,   1
   -51.765,    41.523,    -7.89,     -3,   1
   -50.335,    44.406,   -30.70,      0,   1
   -53.431,    43.500,    -5.67,      0,   1
   -52.230,    44.565,   -55.96,      0,   1
   -51.138,    44.657,   -39.90,      0,   1
   -51.250,    44.256,   -53.14,      0,   1
   -62.754,    44.040,   -83.18,      0,   1
   -62.105,    39.577,    -2.78,      0,   1
   -67.231,    42.238,   -24.08,      0,   1
   -60.680,    42.062,    -6.85,      0,   1
   -60.335,    40.793,   -18.00,      0,   1
   -63.900,    42.417,    -3.40,      0,   1
   -62.655,    43.937,   -67.79,      0,   1
   -63.435,    40.047,   -53.42,      0,   1
   -65.459,    40.994,   -34.85,      0,   1
   -63.765,    43.111,   -28.96,      0,   1
   -59.531,    42.076,    -3.20,      0,   1
   -62.385,    41.487,   -14.49,      0,   1
   -63.939,    40.914,    -3.74,      0,   1
   -61.975,    43.993,   -23.09,      0,   1
   -65.549,    40.883,   -37.80,      0,   1
   -64.757,    42.153,   -13.97,      0,   1
   -64.858,    41.161,    -2.54,      0,   1
   -61.597,    39.381,   -91.40,      0,   1
   -69.198,    41.118,   -13.43,      0,   1
   -62.664,    40.423,   -18.63,      0,   1
   -63.203,    41.893,    -8.93,      0,   1
   -67.234,    41.375,    -2.69,      0,   1
   -62.418,    41.163,   -19.82,      0,   1
   -66.260,    43.792,   -15.86,      0,   1
   -70.782,    41.333,    -2.53,     -3,   1
   -70.651,    41.093,    -0.85,     -3,   1
   -70.738,    41.253,    -1.76,     -3,   1
   -70.686,    41.158,    -0.34,     -3,   1
   -63.407,    40.215,  -113.36,      0,   1
   -63.689,    37.671,     0.15,     -3,   1
   -55.956,    42.833,   -11.78,      0,   1
   -58.130,    44.892,   -19.15,      0,   1
   -61.037,    47.475,   -35.49,      0,   1
   -68.868,    41.965,  -154.12,      0,   1
   -60.045,    42.980,    -2.02,      0,   1
   -58.520,    45.561,   -11.67,      0,   1
   -58.944,    45.073,   -31.23,      0,   1
   -60.041,    47.286,  -220.72,      0,   1
   -60.314,    47.663,  -124.44,      0,   1
   -60.179,    47.203,  -105.06,      0,   1
   -59.431,    45.917,   -52.11,      0,   1
   -57.355,    45.039,   -95.27,      0,   1
   -58.884,    44.868,   -21.69,      0,   1
   -60.279,    48.191,  -107.09,      0,   1
   -55.594,    44.489,    -9.95,      0,   1
   -59.566,    45.730,   -92.26,      0,   1
   -61.358,    48.256,   -38.04,      0,   1
   -61.433,    46.265,    -1.27,      0,   1
   -60.572,    47.767,   -51.40,      0,   1
   -60.763,    47.740,   -39.20,      0,   1
   -59.316,    45.980,   -33.93,      0,   1
   -67.430,    43.295,    -1.32,      0,   1
   -60.131,    47.950,   -49.45,      0,   1
   -59.818,    47.905,  -294.20,      0,   1
   -60.424,    42.170,   -46.24,      0,   1
   -59.275,    44.402,   -71.02,      0,   1
   -61.817,    46.333,    -6.61,      0,   1
   -58.858,    45.179,    -9.46,      0,   1
   -66.250,    43.809,   -14.43,      0,   1
   -59.572,    46.078,   -22.36,      0,   1
   -63.347,    45.995,   -15.69,      0,   1
   -60.337,    48.072,  -241.25,      0,   1
   -61.774,    45.803,   -11.59,      0,   1
   -58.642,    44.947,   -28.17,      0,   1
   -60.053,    47.836,   -43.73,      0,   1
   -61.742,    46.454,   -31.19,      0,   1
   -59.913,    48.304,  -114.02,      0,   1
   -59.581,    48.260,   -27.35,      0,   1
   -59.899,    45.648,   -19.95,      0,   1
   -59.418,    48.787,  -125.41,      0,   1
   -58.675,    45.911,   -21.03,      0,   1
   -59.561,    48.893,   -74.38,      0,   1
   -59.559,    48.360,   -10.53,      0,   1
   -58.992,    48.944,   -14.06,      0,   1
   -58.381,    45.815,   -64.35,      0,   1
   -60.733,    48.605,  -135.85,      0,   1
   -60.015,    46.450,   -46.37,      0,   1
   -60.058,    49.327,  -118.26,      0,   1
   -60.457,    47.371,  -111.65,      0,   1
   -58.371,    50.826,   -75.36,      0,   1
   -59.470,    46.956,   -18.15,      0,   1
   -59.347,    46.024,   -49.31,      0,   1
   -59.713,    47.318,  -145.42,      0,   1
   -60.410,    47.673,  -105.70,      0,   1
   -59.904,    47.470,  -166.92,      0,   1
   -59.981,    47.508,  -133.72,      0,   1
   -60.242,    45.422,    -1.20,      0,   1
   -60.865,    49.561,   -26.35,      0,   1
   -59.301,    48.705,   -77.95,      0,   1
   -62.391,    48.880,  -163.02,      0,   1
   -55.971,    51.602,    -6.94,      0,   1
   -59.072,    50.155,  -153.75,      0,   1
   -59.490,    48.966,   -35.81,      0,   1
   -59.477,    49.301,   -79.91,      0,   1
   -58.231,    50.404,   -39.58,      0,   1
   -60.194,    48.857,  -165.53,      0,   1
   -60.146,    47.590,   -77.24,      0,   1
   -58.237,    49.887,   -48.25,      0,   1
   -55.565,    46.442,   -20.95,      0,   1
   -48.461,    45.954,   -40.94,      0,   1
   -54.419,    47.378,   -33.84,      0,   1
   -54.911,    43.905,   -36.86,      0,   1
   -51.351,    44.383,   -44.44,      0,   1
   -51.271,    41.678,   -23.27,     -3,   1
   -49.462,    44.538,   -61.75,      0,   1
   -53.723,    46.437,    -2.49,      0,   1
   -59.429,    44.852,   -26.81,      0,   1
   -57.939,    47.296,  -109.95,      0,   1
   -49.937,    45.557,   -22.25,      0,   1
   -53.546,    45.208,   -52.63,      0,   1
   -54.909,    46.962,   -98.52,      0,   1
   -54.545,    46.447,    -8.77,      0,   1
   -62.489,    43.000,  -179.40,      0,   1
   -51.698,    44.980,   -34.93,      0,   1
   -57.023,    46.767,   -60.24,      0,   1
   -59.038,    44.223,  -147.07,      0,   1
   -50.075,    44.788,   -48.58,      0,   1
   -51.157,    45.617,   -23.06,      0,   1
   -50.688,    43.998,   -50.97,      0,   1
   -49.722,    44.597,   -31.74,      0,   1
   -51.015,    45.494,   -67.10,      0,   1
   -50.270,    45.943,   -57.78,      0,   1
   -50.028,    43.206,    -5.86,      0,   1
   -53.118,    45.392,   -50.74,      0,   1
   -52.222,    44.795,   -59.12,      0,   1
   -59.785,    49.259,   -13.45,      0,   1
   -50.638,    43.267,   -38.23,      0,   1
   -59.893,    49.318,   -41.40,      0,   1
   -51.470,    46.264,   -67.82,      0,   1
   -59.681,    49.336,  -115.17,      0,   1
   -51.654,    46.227,   -67.98,      0,   1
   -59.727,    49.379,  -127.61,      0,   1
   -49.406,    46.567,   -34.93,      0,   1
   -59.730,    49.366,  -138.15,      0,   1
   -49.972,    46.312,   -40.36,      0,   1
   -59.172,    50.653,   -11.91,      0,   1
   -52.166,    44.678,   -47.50,      0,   1
   -59.841,    49.378,  -124.19,      0,   1
   -50.288,    46.364,   -72.04,      0,   1
   -59.640,    49.909,   -46.14,      0,   1
   -50.179,    46.251,   -57.47,      0,   1
   -60.155,    49.026,    -9.91,      0,   1
   -52.956,    46.057,   -66.65,      0,   1
   -59.665,    49.239,   -76.94,      0,   1
   -46.011,    45.083,   -32.22,     -3,   1
   -45.845,    44.793,    -6.30,     -3,   1
   -50.563,    43.987,   -17.60,      0,   1
   -52.061,    45.563,   -54.87,      0,   1
   -59.195,    49.605,   -41.76,      0,   1
   -52.167,    46.130,   -19.52,      0,   1
   -59.518,    49.060,   -42.84,      0,   1
   -52.460,    42.708,    -3.01,      0,   1
   -59.668,    49.208,   -43.93,      0,   1
   -50.516,    43.914,   -24.48,      0,   1
   -59.442,    49.613,  -161.51,      0,   1
   -50.566,    43.834,   -30.46,      0,   1
   -57.782,    50.301,   -84.46,      0,   1
   -52.782,    46.284,   -11.49,      0,   1
   -59.447,    49.276,   -37.36,      0,   1
   -49.812,    47.330,   -34.02,      0,   1
   -59.653,    49.731,   -65.65,      0,   1
   -51.058,    46.879,   -76.70,      0,   1
   -59.556,    49.704,   -77.90,      0,   1
   -53.556,    43.651,    -1.93,      0,   1
   -59.693,    49.130,   -21.08,      0,   1
   -48.420,    47.086,   -27.18,      0,   1
   -50.726,    44.767,   -39.40,      0,   1
   -54.937,    46.994,   -16.45,      0,   1
   -54.197,    47.345,   -32.00,      0,   1
   -59.971,    49.409,   -96.65,      0,   1
   -55.006,    46.964,   -15.53,      0,   1
   -51.257,    43.438,   -57.86,      0,   1
   -54.780,    47.017,   -10.82,      0,   1
   -59.031,    50.422,   -48.68,      0,   1
   -55.479,    46.211,   -86.19,      0,   1
   -50.345,    45.113,   -14.05,      0,   1
   -50.492,    46.175,   -16.77,      0,   1
   -54.993,    44.980,   -51.94,      0,   1
   -48.496,    44.941,    -3.87,      0,   1
   -50.472,    46.092,   -33.45,      0,   1
   -50.588,    44.184,   -30.76,      0,   1
   -50.938,    44.960,   -57.17,      0,   1
   -54.349,    46.945,   -89.40,      0,   1
   -56.318,    42.233,   -27.08,      0,   1
   -62.326,    41.180,   -16.17,      0,   1
   -62.041,    44.147,   -44.68,      0,   1
   -55.421,    41.150,   -20.47,      0,   1
   -55.274,    41.178,   -22.20,      0,   1
   -63.314,    40.571,   -83.62,      0,   1
   -59.854,    42.110,    -7.71,      0,   1
   -64.339,    42.165,   -15.42,      0,   1
   -63.156,    41.404,    -1.37,      0,   1
   -56.616,    41.611,   -24.62,      0,   1
   -63.172,    41.896,    -9.16,      0,   1
   -66.689,    42.411,  -131.31,      0,   1
   -63.190,    40.828,   -10.20,      0,   1
   -62.715,    40.625,   -37.36,      0,   1
   -62.675,    41.095,   -24.97,      0,   1
   -61.234,    41.413,    -9.88,      0,   1
   -62.696,    41.373,   -14.78,      0,   1
   -61.303,    41.780,    -3.92,      0,   1
   -60.893,    39.589,   -17.34,      0,   1
   -63.236,    41.481,    -5.74,      0,   1
   -68.276,    41.973,   -10.96,      0,   1
   -63.331,    41.394,    -2.44,      0,   1
   -59.262,    41.540,    -4.90,      0,   1
   -67.340,    39.983,   -34.78,      0,   1
   -67.151,    40.687,   -12.66,      0,   1
   -63.085,    39.708,   -35.52,      0,   1
   -66.325,    43.120,   -20.79,      0,   1
   -70.689,    41.163,    -1.15,     -3,   1
   -70.665,    41.118,    -1.90,     -3,   1
   -62.301,    41.141,   -12.26,      0,   1
   -60.770,    42.019,   -13.14,      0,   1
   -59.729,    42.193,    -3.35,      0,   1
   -70.622,    41.040,    -0.02,     -3,   1
   -62.460,    43.608,   -27.81,      0,   1
   -62.992,    39.620,   -31.00,      0,   1
   -68.845,    41.499,   -36.91,      0,   1
   -65.461,    40.956,   -44.32,      0,   1
   -64.349,    42.056,   -29.96,      0,   1
   -60.479,    39.540,   -10.21,      0,   1
   -67.216,    43.575,   -64.05,      0,   1
   -67.188,    41.764,   -23.30,      0,   1
   -64.989,    40.425,    -1.78,      0,   1
   -66.508,    43.674,   -33.99,      0,   1
   -66.998,    41.487,    -4.81,      0,   1
   -56.830,    41.661,    -9.25,      0,   1
   -55.705,    41.797,    -0.48,      0,   1
   -63.548,    41.437,    -4.97,      0,   1
   -62.664,    41.000,   -26.18,      0,   1
   -63.407,    40.384,  -114.53,      0,   1
   -61.576,    41.347,    -1.42,      0,   1
   -62.825,    41.602,    -0.68,      0,   1
   -64.484,    41.489,   -59.36,      0,   1
   -62.779,    39.511,   -11.79,      0,   1
   -63.963,    41.643,   -25.14,      0,   1
   -62.750,    40.813,   -10.73,      0,   1
   -63.172,    40.061,   -10.34,      0,   1
   -62.779,    41.314,    -4.39,      0,   1
   -67.415,    42.579,  -218.71,      0,   1
   -62.244,    39.496,    -1.95,      0,   1
   -63.171,    40.104,   -16.28,      0,   1
   -63.144,    40.156,    -4.16,      0,   1
   -60.525,    40.926,    -8.77,      0,   1
   -57.154,    41.494,   -14.87,      0,   1
   -64.488,    42.218,    -9.36,      0,   1
   -66.029,    42.749,    -3.52,      0,   1
   -66.859,    43.740,  -121.94,      0,   1
   -66.898,    43.753,   -52.91,      0,   1
   -67.411,    43.982,  -160.83,      0,   1
   -62.858,    41.317,    -0.82,      0,   1
   -67.112,    43.974,   -47.29,      0,   1
   -67.001,    42.500,  -110.96,      0,   1
   -68.021,    44.195,   -20.15,      0,   1
   -68.331,    43.337,  -164.60,      0,   1
   -55.291,    41.762,    -1.74,      0,   1
   -60.465,    42.048,    -8.45,      0,   1
   -57.527,    50.788,   -57.76,      0,   1
   -64.861,    40.530,   -74.55,      0,   1
   -67.079,    42.472,  -115.22,      0,   1
   -58.961,    46.197,  -163.23,      0,   1
   -67.393,    42.365,  -204.52,      0,   1
   -59.580,    45.757,   -35.43,      0,   1
   -68.491,    42.649,   -21.74,      0,   1
   -65.547,    41.926,   -12.15,      0,   1
   -60.185,    46.274,   -11.07,      0,   1
   -63.380,    45.868,    -4.45,      0,   1
   -55.969,    42.172,    -7.40,      0,   1
   -60.079,    46.613,   -47.65,      0,   1
   -66.813,    44.526,   -30.60,      0,   1
   -69.502,    42.811,   -86.54,      0,   1
   -59.602,    46.951,   -12.30,      0,   1
   -63.303,    45.793,    -7.70,      0,   1
   -67.153,    43.614,  -115.20,      0,   1
   -60.632,    47.966,   -98.02,      0,   1
   -70.565,    40.934,    -0.97,     -3,   1
   -63.331,    45.883,    -4.58,      0,   1
   -57.821,    41.324,    -0.05,      0,   1
   -60.999,    45.401,    -3.86,      0,   1
   -63.773,    42.549,   -10.77,      0,   1
   -58.207,    50.912,   -68.79,      0,   1
   -62.933,    46.038,   -13.32,      0,   1
   -66.766,    43.799,   -82.99,      0,   1
   -60.672,    47.628,   -77.23,      0,   1
   -59.960,    47.392,  -197.85,      0,   1
   -67.476,    42.862,  -165.78,      0,   1
   -54.921,    41.544,   -10.16,      0,   1
   -67.143,    42.441,   -66.37,      0,   1
   -60.666,    48.578,  -133.88,      0,   1
   -60.560,    42.372,    -5.70,      0,   1
   -67.544,    42.971,  -164.83,      0,   1
   -60.646,    47.290,   -50.66,      0,   1
   -59.459,    49.132,  -186.43,      0,   1
